3 0.47317216981132065 0.03930817610062893 0.7977594339622642 0.03930817610062893 0.7977594339622642 0.559748427672956 0.47317216981132065 0.559748427672956
3 0.2936320754716982 0.7971698113207547 0.33696933962264153 0.7971698113207547 0.33696933962264153 0.8254716981132075 0.2936320754716982 0.8254716981132075
3 0.30689858490566024 0.8459119496855346 0.3431603773584904 0.8459119496855346 0.3431603773584904 0.8742138364779879 0.30689858490566024 0.8742138364779879
3 0.3466981132075474 0.8396226415094341 0.3829599056603775 0.8396226415094341 0.3829599056603775 0.8773584905660381 0.3466981132075474 0.8773584905660381
3 0.3555424528301887 0.9276729559748428 0.4183372641509434 0.9276729559748428 0.4183372641509434 0.981132075471698 0.3555424528301887 0.981132075471698
3 0.386497641509434 0.740566037735849 0.4342570754716982 0.740566037735849 0.4342570754716982 0.7751572327044026 0.386497641509434 0.7751572327044026
3 0.48024764150943405 0.7971698113207547 0.538620283018868 0.7971698113207547 0.538620283018868 0.8411949685534591 0.48024764150943405 0.8411949685534591
3 0.2441037735849057 0.30660377358490565 0.2591391509433962 0.30660377358490565 0.2591391509433962 0.33490566037735847 0.2441037735849057 0.33490566037735847
3 0.216686320754717 0.24371069182389934 0.2246462264150944 0.24371069182389934 0.2246462264150944 0.28773584905660377 0.216686320754717 0.28773584905660377
3 0.17954009433962267 0.23113207547169812 0.19280660377358497 0.23113207547169812 0.19280660377358497 0.2547169811320755 0.17954009433962267 0.2547169811320755
