2 0.21848084641053372 0.27849927849927836 0.536096173791486 0.27849927849927836 0.536096173791486 0.47186147186147187 0.21848084641053372 0.47186147186147187
2 0.739177489177489 0.7243867243867244 0.9104972718253966 0.7243867243867244 0.9104972718253966 0.8903318903318903 0.739177489177489 0.8903318903318903
2 0.9056849183802309 0.7950937950937953 0.948033628697691 0.7950937950937953 0.948033628697691 0.8759018759018758 0.9056849183802309 0.8759018759018758
2 0.6477427737193368 0.45887445887445893 0.8123252615440122 0.45887445887445893 0.8123252615440122 0.5901875901875903 0.6477427737193368 0.5901875901875903
2 0.5668952358405468 0.5916305916305916 0.6130938289141397 0.5916305916305916 0.6130938289141397 0.6565656565656565 0.5668952358405468 0.6565656565656565
2 0.18479437229437226 0.862914862914863 0.3243526222041847 0.862914862914863 0.3243526222041847 0.9711399711399711 0.18479437229437226 0.9711399711399711
2 0.17228225333694094 0.7258297258297257 0.23676778950216448 0.7258297258297257 0.23676778950216448 0.7821067821067824 0.17228225333694094 0.7821067821067824
2 0.27334167568542567 0.5800865800865801 0.3330148584054834 0.5800865800865801 0.3330148584054834 0.6248196248196248 0.27334167568542567 0.6248196248196248
3 0.08950977408008655 0.852813852813853 0.16554495851370848 0.852813852813853 0.16554495851370848 0.9336219336219337 0.08950977408008655 0.9336219336219337
3 0.07218530167748911 0.502164502164502 0.1222337775072149 0.502164502164502 0.1222337775072149 0.5396825396825399 0.07218530167748911 0.5396825396825399
3 0.05582329996392496 0.6046176046176046 0.10298436372655122 0.6046176046176046 0.10298436372655122 0.6392496392496392 0.05582329996392496 0.6392496392496392
3 0.20115637400793648 0.6233766233766234 0.24831743777056275 0.6233766233766234 0.24831743777056275 0.6522366522366522 0.20115637400793648 0.6522366522366522
3 0.19441907918470416 0.5440115440115441 0.23388037743506496 0.5440115440115441 0.23388037743506496 0.5815295815295816 0.19441907918470416 0.5815295815295816
3 0.15207036886724387 0.5036075036075036 0.16939484126984128 0.5036075036075036 0.16939484126984128 0.5266955266955267 0.15207036886724387 0.5266955266955267
3 0.13378342577561328 0.7186147186147186 0.16169507575757575 0.7186147186147186 0.16169507575757575 0.7489177489177489 0.13378342577561328 0.7489177489177489
3 0.19441907918470414 0.7821067821067816 0.23676778950216448 0.7821067821067816 0.23676778950216448 0.8124098124098124 0.19441907918470414 0.8124098124098124
3 0.14629554473304465 0.7936507936507932 0.16746989989177485 0.7936507936507932 0.16746989989177485 0.8455988455988451 0.14629554473304465 0.8455988455988451
3 0.08181000856782106 0.7922077922077917 0.09720953959235205 0.7922077922077917 0.09720953959235205 0.8297258297258291 0.08181000856782106 0.8297258297258291
2 0.8055879667207787 0.5483405483405481 0.8402369115259739 0.5483405483405481 0.8402369115259739 0.5988455988455986 0.8055879667207787 0.5988455988455986
6 0.785376082251082 0.21356421356421337 0.9470711580086574 0.21356421356421337 0.9470711580086574 0.3275613275613273 0.785376082251082 0.3275613275613273
