2 0.5129870129870131 0.5454545454545454 0.5963203463203463 0.5454545454545454 0.5963203463203463 0.6204906204906203 0.5129870129870131 0.6204906204906203
2 0.41666666666666674 0.4862914862914861 0.5108225108225108 0.4862914862914861 0.5108225108225108 0.5714285714285706 0.41666666666666674 0.5714285714285706
2 0.5508658008658008 0.14574314574314573 0.6125541125541125 0.14574314574314573 0.6125541125541125 0.2265512265512265 0.5508658008658008 0.2265512265512265
2 0.5194805194805194 0.240981240981241 0.6093073593073594 0.240981240981241 0.6093073593073594 0.29870129870129863 0.5194805194805194 0.29870129870129863
3 0.8625541125541125 0.6378066378066378 0.9080086580086579 0.6378066378066378 0.9080086580086579 0.7215007215007214 0.8625541125541125 0.7215007215007214
3 0.19162844512714672 0.7327658329779065 0.2772838449240145 0.6595845205300974 0.2953845418858396 0.6972485970365216 0.20972914208897184 0.7704299094843305
3 -4.440892098500626e-18 0.9220995219134707 0.08048482792876245 0.8496631767775839 0.10591541224699265 0.8998964297518653 0.02543058431823018 0.9723327748877522
3 0.18073593073593075 0.5324675324675324 0.25 0.5324675324675324 0.25 0.5974025974025973 0.18073593073593075 0.5974025974025973
3 0.30952380952380953 0.3694083694083694 0.33549783549783546 0.3694083694083694 0.33549783549783546 0.49206349206349204 0.30952380952380953 0.49206349206349204
3 0.31060606060606055 0.2842712842712843 0.35064935064935066 0.2842712842712843 0.35064935064935066 0.34632034632034636 0.31060606060606055 0.34632034632034636
3 0.09740259740259746 0.27561327561327553 0.15043290043290042 0.27561327561327553 0.15043290043290042 0.35642135642135647 0.09740259740259746 0.35642135642135647
3 0.03896103896103896 0.25252525252525254 0.07683982683982683 0.25252525252525254 0.07683982683982683 0.3492063492063492 0.03896103896103896 0.3492063492063492
3 0.004329004329004329 0.13275613275613277 0.0367965367965368 0.13275613275613277 0.0367965367965368 0.19480519480519481 0.004329004329004329 0.19480519480519481
3 0.045454545454545456 0.12265512265512267 0.07683982683982683 0.12265512265512267 0.07683982683982683 0.16305916305916307 0.045454545454545456 0.16305916305916307
3 0.07963243156219506 0.12452217644892917 0.10628136734655624 0.14710320614782704 0.07280188933787568 0.21734446393074533 0.04615295355351449 0.19476343423184744
3 0.11688311688311687 0.13131313131313133 0.15151515151515152 0.13131313131313133 0.15151515151515152 0.17316017316017315 0.11688311688311687 0.17316017316017315
3 0.13095238095238104 0.20346320346320354 0.19372294372294374 0.20346320346320354 0.19372294372294374 0.25685425685425695 0.13095238095238104 0.25685425685425695
3 0.2662337662337661 0.11544011544011545 0.3073593073593072 0.11544011544011545 0.3073593073593072 0.15728715728715728 0.2662337662337661 0.15728715728715728
3 0.40469117233452856 0.1206834907630739 0.42340001081308654 0.13519701394643996 0.39401012636677013 0.20254883246924882 0.3753012878882122 0.18803530928588275
3 0.4344965377881943 0.15142312489070228 0.46152031988362047 0.1662446791368933 0.4421718608526709 0.22896037392686822 0.4151480787572448 0.2141388196806772
3 0.49930559819236 0.1584790694281265 0.524972298939518 0.17438519383481574 0.4995041021670957 0.24744547548499848 0.4738374014199376 0.23153935107830925
3 0.16017316017316016 0.13997113997113997 0.1937229437229437 0.13997113997113997 0.1937229437229437 0.18759018759018758 0.16017316017316016 0.18759018759018758
3 0.20346320346320346 0.10088985822933576 0.21861471861471862 0.10088985822933576 0.21861471861471862 0.1341991341991342 0.20346320346320346 0.1341991341991342
2 0.6558441558441559 0.9206349206349204 0.6818181818181821 0.9206349206349204 0.6818181818181821 0.9870129870129868 0.6558441558441559 0.9870129870129868
2 0.19805194805194806 0.329004329004329 0.23051948051948054 0.329004329004329 0.23051948051948054 0.40692640692640697 0.19805194805194806 0.40692640692640697
3 0.07142857142857144 0.015873015873015855 0.12662337662337667 0.015873015873015855 0.12662337662337667 0.06204906204906204 0.07142857142857144 0.06204906204906204
3 0.25432900432900435 0.008658008658008658 0.26839826839826847 0.008658008658008658 0.26839826839826847 0.06060606060606061 0.25432900432900435 0.06060606060606061
3 0.27056277056277056 0.024531024531024532 0.2835497835497835 0.024531024531024532 0.2835497835497835 0.06926406926406928 0.27056277056277056 0.06926406926406928
3 0.4145021645021647 0.07215007215007219 0.44696969696969696 0.07215007215007219 0.44696969696969696 0.1255411255411256 0.4145021645021647 0.1255411255411256
