2 0.17961760461760473 0.5642135642135642 0.41844980416408994 0.5642135642135642 0.41844980416408994 0.774891774891775 0.17961760461760473 0.774891774891775
2 0.3533137497423211 0.7994227994227994 0.6809678416821273 0.7994227994227994 0.6809678416821273 0.9509379509379511 0.3533137497423211 0.9509379509379511
2 0.02368583797155225 0.7532467532467529 0.2644918573490001 0.7532467532467529 0.2644918573490001 0.8816738816738815 0.02368583797155225 0.8816738816738815
2 0.41252834467120186 0.5858585858585859 0.6888631210059782 0.5858585858585859 0.6888631210059782 0.72005772005772 0.41252834467120186 0.72005772005772
2 0.5684601113172543 0.4963924963924964 0.7934755720470007 0.4963924963924964 0.7934755720470007 0.5815295815295815 0.5684601113172543 0.5815295815295815
2 0.05921459492888065 0.34343434343434337 0.2862038754895898 0.34343434343434337 0.2862038754895898 0.44588744588744583 0.05921459492888065 0.44588744588744583
2 0.30396825396825394 0.2698412698412698 0.5467480931766646 0.2698412698412698 0.5467480931766646 0.41414141414141414 0.30396825396825394 0.41414141414141414
2 0.5901721294578437 0.2784992784992785 0.8013708513708515 0.2784992784992785 0.8013708513708515 0.3795093795093795 0.5901721294578437 0.3795093795093795
2 0.2723871366728509 0.18614718614718614 0.5329313543599259 0.18614718614718614 0.5329313543599259 0.27561327561327564 0.2723871366728509 0.27561327561327564
2 0.3513399299113586 0.4444444444444444 0.5368789940218512 0.4444444444444444 0.5368789940218512 0.515151515151515 0.3513399299113586 0.515151515151515
2 0.4046330653473509 0.4920634920634919 0.5645124716553286 0.4920634920634919 0.5645124716553286 0.5728715728715726 0.4046330653473509 0.5728715728715726
2 0.009869099154813443 0.6031746031746035 0.18751288394145532 0.6031746031746035 0.18751288394145532 0.7113997113997118 0.009869099154813443 0.7113997113997118
2 0.7599206349206349 0.3924963924963925 0.9612502576788292 0.3924963924963925 0.9612502576788292 0.4704184704184704 0.7599206349206349 0.4704184704184704
2 0.11053391053391054 0.19913419913419916 0.2862038754895898 0.19913419913419916 0.2862038754895898 0.2698412698412699 0.11053391053391054 0.2698412698412699
2 0.6099103277674707 0.1341991341991342 0.7915017522160379 0.1341991341991342 0.7915017522160379 0.20634920634920634 0.6099103277674707 0.20634920634920634
2 0.7895279323850752 0.16738816738816736 0.9750669964955679 0.16738816738816736 0.9750669964955679 0.23809523809523803 0.7895279323850752 0.23809523809523803
2 0.7796588332302623 0.24531024531024526 0.937564419707277 0.24531024531024526 0.937564419707277 0.3304473304473304 0.7796588332302623 0.3304473304473304
2 0.23488455988455992 0.4401154401154401 0.3730519480519481 0.4401154401154401 0.3730519480519481 0.507936507936508 0.23488455988455992 0.507936507936508
2 0.6829416615130903 0.6046176046176046 0.8388734281591427 0.6046176046176046 0.8388734281591427 0.6479076479076478 0.6829416615130903 0.6479076479076478
2 0.6533343640486496 0.5728715728715733 0.8072923108637386 0.5728715728715733 0.8072923108637386 0.617604617604618 0.6533343640486496 0.617604617604618
2 0.4283189033189034 0.41125541125541126 0.6375438054009485 0.41125541125541126 0.6375438054009485 0.46753246753246747 0.4283189033189034 0.46753246753246747
2 0.576355390641105 0.4329004329004329 0.7461038961038962 0.4329004329004329 0.7461038961038962 0.48484848484848486 0.576355390641105 0.48484848484848486
2 0.2111987219130077 0.2626262626262627 0.3276540919398063 0.2626262626262627 0.3276540919398063 0.3145743145743146 0.2111987219130077 0.3145743145743146
2 0.35849255379490286 0.12473313338852554 0.508388090742182 0.06649528902306058 0.5480222382612939 0.12101724740600389 0.39812670131401473 0.17925509177146884
2 0.48555967841682135 0.18326118326118326 0.645439084724799 0.18326118326118326 0.645439084724799 0.2510822510822511 0.48555967841682135 0.2510822510822511
2 0.6553081838796119 0.2077922077922078 0.7658420944135225 0.2077922077922078 0.7658420944135225 0.26839826839826847 0.6553081838796119 0.26839826839826847
2 0.5506957328385901 0.24819624819624822 0.645439084724799 0.24819624819624822 0.645439084724799 0.29004329004329005 0.5506957328385901 0.29004329004329005
2 0.6493867243867235 0.36796536796536783 0.7776850133992979 0.36796536796536783 0.7776850133992979 0.4184704184704187 0.6493867243867235 0.4184704184704187
2 0.8072923108637395 0.31457431457431456 0.9573026180169039 0.31457431457431456 0.9573026180169039 0.37373737373737376 0.8072923108637395 0.37373737373737376
2 0.15593176664605238 0.03607503607503607 0.3631828488971347 0.03607503607503607 0.3631828488971347 0.1240981240981241 0.15593176664605238 0.1240981240981241
2 0.6691249226963505 0.001443001443001443 0.8803236446093581 0.001443001443001443 0.8803236446093581 0.10101010101010102 0.6691249226963505 0.10101010101010102
2 0.7322871572871574 0.468975468975469 0.8941403834260979 0.468975468975469 0.8941403834260979 0.5151515151515151 0.7322871572871574 0.5151515151515151
2 0.811239950525664 0.5050505050505051 0.9434858792001639 0.5050505050505051 0.9434858792001639 0.5685425685425686 0.811239950525664 0.5685425685425686
2 0.475690579262008 0.7012987012987014 0.6474129045557617 0.7012987012987014 0.6474129045557617 0.7662337662337663 0.475690579262008 0.7662337662337663
2 0.6414914450628737 0.691197691197691 0.7579468150896723 0.691197691197691 0.7579468150896723 0.779220779220779 0.6414914450628737 0.779220779220779
2 0.03947639661925377 0.7215007215007215 0.1697485054627912 0.7215007215007215 0.1697485054627912 0.7777777777777777 0.03947639661925377 0.7777777777777777
