5 0.6205414006000517 0.494949494949495 0.9144820640421816 0.494949494949495 0.9144820640421816 0.7748917748917747 0.6205414006000517 0.7748917748917747
2 0.12295557163592356 0.6897546897546899 0.36502435329414806 0.6897546897546899 0.36502435329414806 0.9105339105339108 0.12295557163592356 0.9105339105339108
2 0.4485957183904399 0.6652236652236654 0.5331276738901373 0.6652236652236654 0.5331276738901373 0.7662337662337665 0.4485957183904399 0.7662337662337665
2 0.3996056078167516 0.354978354978355 0.5571424339752787 0.354978354978355 0.5571424339752787 0.505050505050505 0.3996056078167516 0.505050505050505
1 0.893349075167257 0.5079365079365079 0.9442603665477567 0.5079365079365079 0.9442603665477567 0.5541125541125541 0.893349075167257 0.5541125541125541
2 0.5110340946118073 0.31168831168831174 0.5398518067139769 0.31168831168831174 0.5398518067139769 0.33333333333333337 0.5110340946118073 0.33333333333333337
2 0.5513788915548448 0.33477633477633484 0.5705906996229577 0.33477633477633484 0.5705906996229577 0.3650793650793651 0.5513788915548448 0.3650793650793651
3 0.16906391099939488 0.23953823953823958 0.2305416968173567 0.23953823953823958 0.2305416968173567 0.28427128427128434 0.16906391099939488 0.28427128427128434
3 0.11431025800527267 0.043290043290043295 0.18155158624366838 0.043290043290043295 0.18155158624366838 0.08802308802308803 0.11431025800527267 0.08802308802308803
3 0.24110819125481886 0.22222222222222224 0.26992590335698846 0.22222222222222224 0.26992590335698846 0.27128427128427135 0.24110819125481886 0.27128427128427135
3 0.298743615459158 0.17171717171717174 0.32083719473748806 0.17171717171717174 0.32083719473748806 0.20779220779220783 0.298743615459158 0.20779220779220783
3 0.4582016224244964 0.2236652236652237 0.4687681168619586 0.2236652236652237 0.4687681168619586 0.24242424242424243 0.4582016224244964 0.24242424242424243
3 0.6522408839124381 0.28715728715728706 0.7166004409406168 0.28715728715728706 0.7166004409406168 0.39682539682539675 0.6522408839124381 0.39682539682539675
3 0.62534435261708 0.2568542568542569 0.6560832455260609 0.2568542568542569 0.6560832455260609 0.2784992784992786 0.62534435261708 0.2784992784992786
3 0.6800980056112021 0.25974025974025977 0.7079551273099661 0.25974025974025977 0.7079551273099661 0.28571428571428575 0.6800980056112021 0.28571428571428575
3 0.6301473046341078 0.2063492063492064 0.657043835929466 0.2063492063492064 0.657043835929466 0.24098124098124096 0.6301473046341078 0.24098124098124096
3 0.6599256071396834 0.19913419913419916 0.6820191864180134 0.19913419913419916 0.6820191864180134 0.23376623376623376 0.6599256071396834 0.23376623376623376
3 0.6704921015771448 0.1875901875901876 0.7021915848895312 0.1875901875901876 0.7021915848895312 0.22366522366522354 0.6704921015771448 0.22366522366522354
3 0.6378320278613535 0.12121212121212123 0.6762556439975795 0.12121212121212123 0.6762556439975795 0.15007215007215013 0.6378320278613535 0.15007215007215013
3 0.6897039096452587 0.09668109668109666 0.7117974889235887 0.09668109668109666 0.7117974889235887 0.15440115440115437 0.6897039096452587 0.15440115440115437
3 0.6570438359294662 0.041847041847041855 0.6945068616622867 0.041847041847041855 0.6945068616622867 0.07503607503607507 0.6570438359294662 0.07503607503607507
3 0.701230994486126 0.027417027417027416 0.7358122490087295 0.027417027417027416 0.7358122490087295 0.07936507936507937 0.701230994486126 0.07936507936507937
3 0.8443589645935689 0.043290043290043295 0.8722160862923328 0.043290043290043295 0.8722160862923328 0.07503607503607505 0.8443589645935689 0.07503607503607505
3 0.8779796287127666 0.03463203463203464 0.8991126175876908 0.03463203463203464 0.8991126175876908 0.0764790764790765 0.8779796287127666 0.0764790764790765
3 0.9067973408149357 0.05339105339105339 0.9327332817068883 0.05339105339105339 0.9327332817068883 0.08369408369408371 0.9067973408149357 0.08369408369408371
3 0.9087185216217476 0.11111111111111112 0.9548268609852189 0.11111111111111112 0.9548268609852189 0.13852813852813856 0.9087185216217476 0.13852813852813856
3 0.8626101822582762 0.11255411255411257 0.89046730395704 0.11255411255411257 0.89046730395704 0.14141414141414144 0.8626101822582762 0.14141414141414144
3 0.8981520271842853 0.11688311688311692 0.9096791120251531 0.11688311688311692 0.9096791120251531 0.13997113997114 0.8981520271842853 0.13997113997114
3 0.8818219903263893 0.13997113997113994 0.9058367504115303 0.13997113997113994 0.9058367504115303 0.17893217893217894 0.8818219903263893 0.17893217893217894
3 0.8482013262071917 0.19336219336219332 0.8808613999229837 0.19336219336219332 0.8808613999229837 0.21356421356421357 0.8482013262071917 0.21356421356421357
3 0.804974758053937 0.23376623376623384 0.8309106989458896 0.23376623376623384 0.8309106989458896 0.2568542568542569 0.804974758053937 0.2568542568542569
3 0.7963294444232861 0.2554112554112555 0.8136200716845879 0.2554112554112555 0.8136200716845879 0.2756132756132757 0.7963294444232861 0.2756132756132757
3 0.7905659020028523 0.27994227994228 0.8116988908777766 0.27994227994228 0.8116988908777766 0.32756132756132755 0.7905659020028523 0.32756132756132755
3 0.8222653853152389 0.29725829725829733 0.8587678206446535 0.29725829725829733 0.8587678206446535 0.31890331890331897 0.8222653853152389 0.31890331890331897
3 0.8770190383093608 0.3015873015873019 0.9087185216217475 0.3015873015873019 0.9087185216217475 0.3391053391053394 0.8770190383093608 0.3391053391053394
3 0.8654919534684932 0.2438672438672439 0.904876160008125 0.2438672438672439 0.904876160008125 0.2698412698412699 0.8654919534684932 0.2698412698412699
3 0.921206196866021 0.24242424242424246 0.9538662705818133 0.24242424242424246 0.9538662705818133 0.2741702741702743 0.921206196866021 0.2741702741702743
1 0.8184230237016162 0.33477633477633484 0.8616495918548706 0.33477633477633484 0.8616495918548706 0.3867243867243868 0.8184230237016162 0.3867243867243868
3 0.8405166029799463 0.24531024531024534 0.8635707726616819 0.24531024531024534 0.8635707726616819 0.28571428571428575 0.8405166029799463 0.28571428571428575
3 0.8760584479059552 0.1702741702741703 0.9000732079910966 0.1702741702741703 0.9000732079910966 0.19624819624819628 0.8760584479059552 0.19624819624819628
3 0.9106397024285589 0.292929292929293 0.9269697392864551 0.292929292929293 0.9269697392864551 0.3145743145743146 0.9106397024285589 0.3145743145743146
3 0.6685709207703344 0.1500721500721502 0.6954674520656927 0.1500721500721502 0.6954674520656927 0.18037518037518038 0.6685709207703344 0.18037518037518038
