2 0.28045522186147187 0.12987012987012986 0.6034310741341992 0.12987012987012986 0.6034310741341992 0.26262626262626265 0.28045522186147187 0.26262626262626265
2 0.035283076298701255 0.5714285714285711 0.3112148268398266 0.5714285714285711 0.3112148268398266 0.813852813852813 0.035283076298701255 0.813852813852813
2 0.005428165584415584 0.7301587301587305 0.047044101731601735 0.7301587301587305 0.047044101731601735 0.7835497835497839 0.005428165584415584 0.7835497835497839
2 0.051567573051948055 0.8658008658008658 0.09680228625541125 0.8658008658008658 0.09680228625541125 0.9163059163059162 0.051567573051948055 0.9163059163059162
1 0.1347994453463204 0.36796536796536794 0.3021678841991341 0.36796536796536794 0.3021678841991341 0.4848484848484848 0.1347994453463204 0.4848484848484848
1 0.2967397186147186 0.48629148629148633 0.38901853354978355 0.48629148629148633 0.38901853354978355 0.5425685425685426 0.2967397186147186 0.5425685425685426
1 0.4134452786796538 0.769119769119769 0.6703784496753249 0.769119769119769 0.6703784496753249 0.9480519480519479 0.4134452786796538 0.9480519480519479
2 0.7463727678571428 0.9090909090909091 0.7870840097402598 0.9090909090909091 0.7870840097402598 0.9725829725829727 0.7463727678571428 0.9725829725829727
2 0.8504126082251082 0.8427128427128429 0.9083130411255411 0.8427128427128429 0.9083130411255411 0.930735930735931 0.8504126082251082 0.930735930735931
2 0.7698948187229436 0.5642135642135642 0.8884097673160173 0.5642135642135642 0.8884097673160173 0.6753246753246753 0.7698948187229436 0.6753246753246753
2 0.5627198322510822 0.5137085137085137 0.6658549783549783 0.5137085137085137 0.6658549783549783 0.6176046176046176 0.5627198322510822 0.6176046176046176
2 0.6749019209956709 0.3376623376623378 0.7355164366883116 0.3376623376623378 0.7355164366883116 0.3953823953823955 0.6749019209956709 0.3953823953823955
2 0.920978760822511 0.565656565656565 0.976165110930735 0.565656565656565 0.976165110930735 0.6262626262626255 0.920978760822511 0.6262626262626255
3 0.9788791937229436 0.6652236652236653 0.9951636904761905 0.6652236652236653 0.9951636904761905 0.7445887445887446 0.9788791937229436 0.7445887445887446
3 0.8929332386363636 0.6479076479076479 0.9345491747835497 0.6479076479076479 0.9345491747835497 0.6955266955266957 0.8929332386363636 0.6955266955266957
3 0.9779744994588744 0.5815295815295816 0.9969730790043287 0.5815295815295816 0.9969730790043287 0.6161616161616161 0.9779744994588744 0.6161616161616161
3 0.8775534361471862 0.4617604617604617 0.9273116206709957 0.4617604617604617 0.9273116206709957 0.4963924963924964 0.8775534361471862 0.4963924963924964
3 0.8965520156926403 0.367965367965368 0.9390726461038957 0.367965367965368 0.9390726461038957 0.40981240981240985 0.8965520156926403 0.40981240981240985
3 0.9716416396103892 0.30880230880230874 0.9888308306277054 0.30880230880230874 0.9888308306277054 0.33910533910533913 0.9716416396103892 0.33910533910533913
2 0.4903442911255411 0.6637806637806638 0.521103896103896 0.6637806637806638 0.521103896103896 0.7287157287157289 0.4903442911255411 0.7287157287157289
2 0.33926034902597396 0.8008658008658007 0.36459178841991335 0.8008658008658007 0.36459178841991335 0.8282828282828281 0.33926034902597396 0.8282828282828281
2 0.11761025432900432 0.9134199134199135 0.14475108225108224 0.9134199134199135 0.14475108225108224 0.940836940836941 0.11761025432900432 0.940836940836941
2 0.7888933982683981 0.4992784992784992 0.8133201433982684 0.4992784992784992 0.8133201433982684 0.5238095238095238 0.7888933982683981 0.5238095238095238
2 0.9743557224025972 0.7388167388167388 0.9981906114718608 0.7388167388167388 0.9981906114718608 0.7878787878787878 0.9743557224025972 0.7878787878787878
2 0.8214623917748918 0.11976911976911979 0.987021442099567 0.11976911976911979 0.987021442099567 0.26695526695526695 0.8214623917748918 0.26695526695526695
1 0.5744808576839825 0.19336219336219324 0.6197155708874459 0.19336219336219324 0.6197155708874459 0.225108225108225 0.5744808576839825 0.225108225108225
1 0.6495704816017319 0.12842712842712842 0.6884723349567103 0.12842712842712842 0.6884723349567103 0.1544011544011543 0.6495704816017319 0.1544011544011543
1 0.7119943858225107 0.1471861471861472 0.7391352137445887 0.1471861471861472 0.7391352137445887 0.17027417027417027 0.7119943858225107 0.17027417027417027
1 0.7128990800865802 0.18181818181818177 0.7472774621212123 0.18181818181818177 0.7472774621212123 0.20779220779220772 0.7128990800865802 0.20779220779220772
1 0.6812347808441558 0.17316017316017315 0.7110896915584415 0.17316017316017315 0.7110896915584415 0.19769119769119767 0.6812347808441558 0.19769119769119767
2 0.7852746212121212 0.18326118326118326 0.8142248376623377 0.18326118326118326 0.8142248376623377 0.21067821067821071 0.7852746212121212 0.21067821067821071
2 0.6314765963203463 0.2698412698412698 0.6504751758658008 0.2698412698412698 0.6504751758658008 0.30303030303030304 0.6314765963203463 0.30303030303030304
2 0.6929958062770563 0.11832611832611832 0.7002333603896104 0.11832611832611832 0.7002333603896104 0.1341991341991342 0.6929958062770563 0.1341991341991342
2 0.7490868506493507 0.11976911976911979 0.7599431818181817 0.11976911976911979 0.7599431818181817 0.1370851370851371 0.7490868506493507 0.1370851370851371
2 0.7545150162337662 0.20923520923520925 0.7653713474025975 0.20923520923520925 0.7653713474025975 0.2222222222222222 0.7545150162337662 0.2222222222222222
2 0.7300882711038961 0.240981240981241 0.7400399080086579 0.240981240981241 0.7400399080086579 0.25396825396825395 0.7300882711038961 0.25396825396825395
