5 0.6474574987694517 0.0 0.9908497721908797 0.0 0.9908497721908797 0.2626262626262626 0.6474574987694517 0.2626262626262626
2 0.11894034051468447 0.1976911976911972 0.29543245869776474 0.1976911976911972 0.29543245869776474 0.4242424242424236 0.11894034051468447 0.4242424242424236
2 0.447944669519014 0.3506493506493504 0.5966200951623697 0.3506493506493504 0.5966200951623697 0.5310245310245312 0.447944669519014 0.5310245310245312
2 0.6656822283644442 0.7806637806637806 0.8824605909154015 0.7806637806637806 0.8824605909154015 0.9754689754689755 0.6656822283644442 0.9754689754689755
3 0.1889616700112325 0.8196248196248199 0.3395554882435345 0.8196248196248199 0.3395554882435345 0.9653679653679645 0.1889616700112325 0.9653679653679645
3 0.11702194792573803 0.7619047619047619 0.17553292188860703 0.7619047619047619 0.17553292188860703 0.8383838383838382 0.11702194792573803 0.8383838383838382
3 0.25610541062436104 0.6753246753246753 0.29831004758118457 0.6753246753246753 0.29831004758118457 0.7171717171717173 0.25610541062436104 0.7171717171717173
3 0.3328411141822221 0.5757575757575758 0.35202504007168733 0.5757575757575758 0.35202504007168733 0.645021645021645 0.3328411141822221 0.645021645021645
3 0.31365718829275685 0.46753246753246747 0.3376370956545884 0.46753246753246747 0.3376370956545884 0.5512265512265511 0.31365718829275685 0.5512265512265511
3 0.1841656885388664 0.46897546897546893 0.20430881072280493 0.46897546897546893 0.20430881072280493 0.5339105339105338 0.1841656885388664 0.5339105339105338
3 0.10455239609758561 0.4963924963924964 0.12853230345941719 0.4963924963924964 0.12853230345941719 0.5728715728715729 0.10455239609758561 0.5728715728715729
3 0.5505786730276527 0.6406926406926403 0.5803137581563237 0.6406926406926403 0.5803137581563237 0.7085137085137082 0.5505786730276527 0.7085137085137082
3 0.5985384877513158 0.7041847041847042 0.6378655358247196 0.7041847041847042 0.6378655358247196 0.7503607503607505 0.5985384877513158 0.7503607503607505
3 0.5812729544507971 0.7590187590187587 0.6263551802910404 0.7590187590187587 0.6263551802910404 0.8095238095238093 0.5812729544507971 0.8095238095238093
3 0.5083740360708291 0.9076479076479075 0.5630482248558051 0.9076479076479075 0.5630482248558051 0.9466089466089465 0.5083740360708291 0.9466089466089465
3 0.5851097396286902 0.948051948051948 0.6301919654689336 0.948051948051948 0.6301919654689336 0.9884559884559885 0.5851097396286902 0.9884559884559885
3 0.8632766650259363 0.6998556998556998 0.9160324612219657 0.6998556998556998 0.9160324612219657 0.7301587301587302 0.8632766650259363 0.7301587301587302
3 0.8930117501546075 0.6782106782106783 0.9304204056390646 0.6782106782106783 0.9304204056390646 0.7027417027417027 0.8930117501546075 0.7027417027417027
3 0.9544003130008962 0.6219336219336218 0.9889313796019337 0.6219336219336218 0.9889313796019337 0.6551226551226551 0.9544003130008962 0.6551226551226551
3 0.9678290611235218 0.556998556998557 0.9956457536632465 0.556998556998557 0.9956457536632465 0.582972582972583 0.9678290611235218 0.582972582972583
3 0.9515227241174764 0.44877344877344877 0.9850945944240403 0.44877344877344877 0.9850945944240403 0.4776334776334777 0.9515227241174764 0.4776334776334777
3 0.9102772834551262 0.3665223665223666 0.9563187055898428 0.3665223665223666 0.9563187055898428 0.4025974025974027 0.9102772834551262 0.4025974025974027
3 0.803806494768594 0.33766233766233766 0.8345007761917385 0.33766233766233766 0.8345007761917385 0.365079365079365 0.803806494768594 0.365079365079365
3 0.7875001577625486 0.27994227994227994 0.8249088132470057 0.27994227994227994 0.8249088132470057 0.3088023088023088 0.7875001577625486 0.3088023088023088
3 0.4613734176416395 0.17893217893217905 0.5975792914568426 0.17893217893217905 0.5975792914568426 0.30158730158730157 0.4613734176416395 0.30158730158730157
3 0.04412302954577008 0.7835497835497836 0.10167480721416583 0.7835497835497836 0.10167480721416583 0.8253968253968254 0.04412302954577008 0.8253968253968254
3 0.04412302954577009 0.6334776334776335 0.11222596645337174 0.6334776334776335 0.11222596645337174 0.676767676767677 0.04412302954577009 0.676767676767677
3 0.30406522534802416 0.7633477633477633 0.37888253631693863 0.7633477633477633 0.37888253631693863 0.8225108225108222 0.30406522534802416 0.8225108225108222
3 0.11606275163126475 0.8917748917748918 0.1851248848333397 0.8917748917748918 0.1851248848333397 0.9538239538239537 0.11606275163126475 0.9538239538239537
3 0.383678517789305 0.9206349206349206 0.44986306210796007 0.9206349206349206 0.44986306210796007 0.9754689754689755 0.383678517789305 0.9754689754689755
3 0.5994976840457892 0.6176046176046175 0.6915805283152224 0.6176046176046175 0.6915805283152224 0.6738816738816739 0.5994976840457892 0.6738816738816739
3 0.5409867100829201 0.5382395382395382 0.6244367877020939 0.5382395382395382 0.6244367877020939 0.5901875901875901 0.5409867100829201 0.5901875901875901
3 0.5966200951623692 0.5916305916305916 0.6244367877020937 0.5916305916305916 0.6244367877020937 0.6132756132756134 0.5966200951623692 0.6132756132756134
3 0.727070791210733 0.5685425685425685 0.7750306059343962 0.5685425685425685 0.7750306059343962 0.6305916305916306 0.727070791210733 0.6305916305916306
3 0.7827041762901823 0.5079365079365069 0.8047656910630674 0.5079365079365069 0.8047656910630674 0.5642135642135632 0.7827041762901823 0.5642135642135632
3 0.7654386429896638 0.41269841269841206 0.8546438983756769 0.41269841269841206 0.8546438983756769 0.5079365079365072 0.7654386429896638 0.5079365079365072
3 0.6417023210026126 0.4603174603174603 0.6877437431373292 0.4603174603174603 0.6877437431373292 0.4790764790764791 0.6417023210026126 0.4790764790764791
3 0.6349879469412998 0.3997113997113997 0.6771925838981233 0.3997113997113997 0.6771925838981233 0.4487734487734487 0.6349879469412998 0.4487734487734487
1 0.9141140686330192 0.43001443001443 0.94960433152853 0.43001443001443 0.94960433152853 0.5122655122655123 0.9141140686330192 0.5122655122655123
