2 0.4963924963924964 0.4805194805194802 0.6426166426166425 0.4805194805194802 0.6426166426166425 0.5757575757575754 0.4963924963924964 0.5757575757575754
2 0.46753246753246747 0.3246753246753247 0.5444925444925445 0.3246753246753247 0.5444925444925445 0.4141414141414141 0.46753246753246747 0.4141414141414141
1 0.055796055796055795 0.5252525252525253 0.12506012506012507 0.5252525252525253 0.12506012506012507 0.5598845598845599 0.055796055796055795 0.5598845598845599
1 0.13275613275613277 0.5007215007215007 0.177008177008177 0.5007215007215007 0.177008177008177 0.5281385281385281 0.13275613275613277 0.5281385281385281
1 0.09427609427609428 0.4761904761904761 0.15007215007215008 0.4761904761904761 0.15007215007215008 0.4992784992784992 0.09427609427609428 0.4992784992784992
1 0.14237614237614238 0.46753246753246747 0.20971620971620974 0.46753246753246747 0.20971620971620974 0.4935064935064935 0.14237614237614238 0.4935064935064935
1 0.17508417508417515 0.4357864357864357 0.2308802308802309 0.4357864357864357 0.2308802308802309 0.46608946608946605 0.17508417508417515 0.46608946608946605
1 0.12506012506012507 0.40115440115440115 0.19817219817219817 0.40115440115440115 0.19817219817219817 0.4271284271284272 0.12506012506012507 0.4271284271284272
1 0.05772005772005773 0.6435786435786436 0.09812409812409813 0.6435786435786436 0.09812409812409813 0.7330447330447329 0.05772005772005773 0.7330447330447329
1 0.4175084175084175 0.3665223665223665 0.46945646945646946 0.3665223665223665 0.46945646945646946 0.38816738816738827 0.4175084175084175 0.38816738816738827
