3 0.5526753056886917 0.4253257642334215 0.7593340306745646 0.2800159522254208 0.7923531964656934 0.4002326701261861 0.5856944714798205 0.5455424821341868
3 0.11363636363636372 0.8297258297258305 0.174963924963925 0.8297258297258305 0.174963924963925 0.8946608946608956 0.11363636363636372 0.8946608946608956
3 0.15512265512265513 0.7171717171717168 0.24801587301587297 0.7171717171717168 0.24801587301587297 0.7878787878787875 0.15512265512265513 0.7878787878787875
3 0.2813852813852813 0.9134199134199135 0.37067099567099554 0.9134199134199135 0.37067099567099554 0.9971139971139972 0.2813852813852813 0.9971139971139972
3 0.5988455988455988 0.922077922077922 0.6944444444444444 0.922077922077922 0.6944444444444444 0.9725829725829727 0.5988455988455988 0.9725829725829727
3 0.7115800865800866 0.7604617604617604 0.80988455988456 0.7604617604617604 0.80988455988456 0.8340548340548339 0.7115800865800866 0.8340548340548339
3 0.5447330447330447 0.7388167388167388 0.6394300144300145 0.7388167388167388 0.6394300144300145 0.7965367965367968 0.5447330447330447 0.7965367965367968
3 0.3048340548340547 0.44155844155844165 0.3787878787878786 0.44155844155844165 0.3787878787878786 0.5699855699855699 0.3048340548340547 0.5699855699855699
3 0.19751082251082258 0.22510822510822512 0.2985209235209236 0.22510822510822512 0.2985209235209236 0.3261183261183261 0.19751082251082258 0.3261183261183261
3 0.37698412698412703 0.46608946608946605 0.4031385281385282 0.46608946608946605 0.4031385281385282 0.5209235209235211 0.37698412698412703 0.5209235209235211
3 0.3616522366522368 0.42712842712842736 0.4229797979797981 0.42712842712842736 0.4229797979797981 0.4733044733044735 0.3616522366522368 0.4733044733044735
3 0.4013347763347764 0.39682539682539686 0.44372294372294374 0.39682539682539686 0.44372294372294374 0.4343434343434344 0.4013347763347764 0.4343434343434344
3 0.4094516594516595 0.3492063492063491 0.4527417027417029 0.3492063492063491 0.4527417027417029 0.3939393939393939 0.4094516594516595 0.3939393939393939
3 0.41756854256854253 0.3015873015873015 0.46085858585858597 0.3015873015873015 0.46085858585858597 0.34487734487734484 0.41756854256854253 0.34487734487734484
3 0.4770923520923521 0.4747474747474748 0.5095598845598844 0.4747474747474748 0.5095598845598844 0.5440115440115442 0.4770923520923521 0.5440115440115442
3 0.42748917748917753 0.5266955266955267 0.4671717171717172 0.5266955266955267 0.4671717171717172 0.5873015873015873 0.42748917748917753 0.5873015873015873
3 0.39051226551226553 0.5382395382395384 0.4238816738816739 0.5382395382395384 0.4238816738816739 0.5699855699855704 0.39051226551226553 0.5699855699855704
3 0.37518037518037517 0.6017316017316016 0.439213564213564 0.6017316017316016 0.439213564213564 0.6608946608946612 0.37518037518037517 0.6608946608946612
3 0.35714285714285693 0.6421356421356421 0.3923160173160171 0.6421356421356421 0.3923160173160171 0.6753246753246751 0.35714285714285693 0.6753246753246751
3 0.5988455988455981 0.6854256854256853 0.6268037518037511 0.6854256854256853 0.6268037518037511 0.7373737373737363 0.5988455988455981 0.7373737373737363
3 0.4689754689754691 0.766233766233766 0.48069985569985585 0.766233766233766 0.48069985569985585 0.8210678210678207 0.4689754689754691 0.8210678210678207
3 0.5672799422799417 0.5786435786435788 0.5979437229437223 0.5786435786435788 0.5979437229437223 0.6233766233766235 0.5672799422799417 0.6233766233766235
3 0.6006493506493507 0.6046176046176046 0.634920634920635 0.6046176046176046 0.634920634920635 0.6594516594516593 0.6006493506493507 0.6594516594516593
3 0.49963924963924966 0.5613275613275615 0.5203823953823954 0.5613275613275615 0.5203823953823954 0.5930735930735931 0.49963924963924966 0.5930735930735931
3 0.5131673881673882 0.5252525252525253 0.5321067821067821 0.5252525252525253 0.5321067821067821 0.5512265512265512 0.5131673881673882 0.5512265512265512
3 0.51497113997114 0.46753246753246747 0.5303030303030303 0.46753246753246747 0.5303030303030303 0.5165945165945166 0.51497113997114 0.5165945165945166
3 0.6746031746031736 0.6378066378066377 0.7377344877344868 0.6378066378066377 0.7377344877344868 0.6883116883116884 0.6746031746031736 0.6883116883116884
3 0.6917388167388168 0.5757575757575755 0.7377344877344878 0.5757575757575755 0.7377344877344878 0.629148629148629 0.6917388167388168 0.629148629148629
3 0.7476551226551229 0.616161616161616 0.7864357864357866 0.616161616161616 0.7864357864357866 0.6695526695526697 0.7476551226551229 0.6695526695526697
3 0.7918470418470419 0.5137085137085137 0.8396464646464646 0.5137085137085137 0.8396464646464646 0.5815295815295816 0.7918470418470419 0.5815295815295816
3 0.80988455988456 0.6782106782106784 0.8495670995670997 0.6782106782106784 0.8495670995670997 0.7215007215007215 0.80988455988456 0.7215007215007215
3 0.9190115440115442 0.6522366522366522 0.9704184704184706 0.6522366522366522 0.9704184704184706 0.6926406926406927 0.9190115440115442 0.6926406926406927
3 0.9442640692640709 0.5223665223665224 0.998376623376625 0.5223665223665224 0.998376623376625 0.5728715728715729 0.9442640692640709 0.5728715728715729
3 0.8856421356421358 0.7258297258297258 0.9009740259740259 0.7258297258297258 0.9009740259740259 0.7705627705627706 0.8856421356421358 0.7705627705627706
