2 0.04611576413142992 0.40115440115440115 0.15552767510992055 0.40115440115440115 0.15552767510992055 0.5555555555555556 0.04611576413142992 0.5555555555555556
2 0.167282673810089 0.5079365079365079 0.2875453528195043 0.5079365079365079 0.2875453528195043 0.649350649350649 0.167282673810089 0.649350649350649
2 0.2830241994732854 0.42424242424242414 0.4512111039526179 0.42424242424242414 0.4512111039526179 0.6392496392496388 0.2830241994732854 0.6392496392496388
2 0.4647745639912737 0.5324675324675324 0.6655137725633803 0.5324675324675324 0.6655137725633803 0.7445887445887445 0.4647745639912737 0.7445887445887445
2 0.5533891695771587 0.1500721500721501 0.7016829993331293 0.1500721500721501 0.7016829993331293 0.35930735930735924 0.5533891695771587 0.35930735930735924
2 0.6962576153176676 0.2106782106782107 0.756841070156997 0.2106782106782107 0.756841070156997 0.3145743145743146 0.6962576153176676 0.3145743145743146
2 0.7622664541724592 0.12554112554112556 0.8355091383812009 0.12554112554112556 0.8355091383812009 0.30014430014430027 0.7622664541724592 0.30014430014430027
2 0.7640749155109468 0.3232323232323231 0.8554022131045629 0.3232323232323231 0.8554022131045629 0.5165945165945165 0.7640749155109468 0.5165945165945165
2 0.8716783651509499 0.4242424242424242 0.9512506640443976 0.4242424242424242 0.9512506640443976 0.5526695526695526 0.8716783651509499 0.5526695526695526
2 0.7930102969267459 0.6132756132756133 0.8373175997196883 0.6132756132756133 0.8373175997196883 0.6565656565656566 0.7930102969267459 0.6565656565656566
1 0.24504651136504915 0.7474747474747473 0.4774337933606861 0.7474747474747473 0.4774337933606861 0.8989898989898991 0.24504651136504915 0.8989898989898991
3 0.5524849389079152 0.3953823953823957 0.5904626270161516 0.3953823953823957 0.5904626270161516 0.4747474747474752 0.5524849389079152 0.4747474747474752
3 0.7487029941338037 0.48196248196248176 0.7749256835418714 0.48196248196248176 0.7749256835418714 0.5468975468975465 0.7487029941338037 0.5468975468975465
3 0.44849841194488704 0.2193362193362193 0.48647610005312336 0.2193362193362193 0.48647610005312336 0.2424242424242424 0.44849841194488704 0.2424242424242424
3 0.4295095678907689 0.16883116883116883 0.4548280266295931 0.16883116883116883 0.4548280266295931 0.19769119769119767 0.4295095678907689 0.19769119769119767
3 0.4674872559990053 0.1544011544011544 0.500943790761023 0.1544011544011544 0.500943790761023 0.18037518037518036 0.4674872559990053 0.18037518037518036
3 0.6184937777627072 0.41414141414141414 0.6591841578786748 0.41414141414141414 0.6591841578786748 0.4357864357864357 0.6184937777627072 0.4357864357864357
1 0.8507338699362097 0.40195084573999873 0.9660123243493086 0.4184253412773919 0.9617498462620001 0.4943832928040813 0.8464713918489011 0.47790879726668806
3 0.3544584223435398 0.2481962481962482 0.3888191877748013 0.2481962481962482 0.3888191877748013 0.3073593073593073 0.3544584223435398 0.3073593073593073
3 0.2685565087653856 0.30303030303030304 0.29930035151967227 0.30303030303030304 0.29930035151967227 0.3203463203463204 0.2685565087653856 0.3203463203463204
3 0.34632034632034625 0.37518037518037517 0.389723418444045 0.37518037518037517 0.389723418444045 0.4184704184704185 0.34632034632034625 0.4184704184704185
3 0.5407299402077469 0.30303030303030304 0.5768991669774959 0.30303030303030304 0.5768991669774959 0.3217893217893218 0.5407299402077469 0.3217893217893218
3 0.547059554892453 0.2582972582972583 0.5624314762695962 0.2582972582972583 0.5624314762695962 0.2857142857142857 0.547059554892453 0.2857142857142857
3 0.5407299402077469 0.16017316017316016 0.5533891695771591 0.16017316017316016 0.5533891695771591 0.19047619047619047 0.5407299402077469 0.19047619047619047
