1 0.005411255411255411 0.5223665223665224 0.34523809523809523 0.5223665223665224 0.34523809523809523 0.6507936507936508 0.005411255411255411 0.6507936507936508
1 1.6653345369377347e-17 0.8124806310242456 0.26619799350875134 0.695417175874857 0.2973072331477233 0.8211794288479691 0.031109239638971973 0.9382428839973579
1 0.31277056277056237 0.682539682539682 0.5649350649350643 0.682539682539682 0.5649350649350643 0.7821067821067824 0.31277056277056237 0.7821067821067824
1 0.30213671428460015 0.6223016972075602 0.5414678950634234 0.5708326260723352 0.5528416406937521 0.66485558994973 0.3135104599149289 0.7163246610849551
1 0.692000876241415 0.6584041415314388 0.9014438996381122 0.5300099509434321 0.9453789123271609 0.6574214877416795 0.7359358889304637 0.7858156783296864
1 0.5909090909090908 0.3203463203463205 0.8668831168831168 0.3203463203463205 0.8668831168831168 0.4574314574314575 0.5909090909090908 0.4574314574314575
1 0.4015151515151512 0.3593073593073592 0.5930735930735928 0.3593073593073592 0.5930735930735928 0.47619047619047616 0.4015151515151512 0.47619047619047616
1 0.0010822510822510823 0.3044733044733043 0.21645021645021648 0.3044733044733043 0.21645021645021648 0.4531024531024529 0.0010822510822510823 0.4531024531024529
1 0.24675324675324675 0.16738816738816736 0.4556277056277056 0.16738816738816736 0.4556277056277056 0.277056277056277 0.24675324675324675 0.277056277056277
1 0.7954545454545453 0.1255411255411255 0.9794372294372291 0.1255411255411255 0.9794372294372291 0.22943722943722947 0.7954545454545453 0.22943722943722947
1 0.5465367965367964 0.5165945165945166 0.7532467532467532 0.5165945165945166 0.7532467532467532 0.6002886002886003 0.5465367965367964 0.6002886002886003
1 0.43073593073593086 0.20490620490620462 0.6677489177489183 0.20490620490620462 0.6677489177489183 0.28571428571428553 0.43073593073593086 0.28571428571428553
1 0.3593073593073592 0.28282828282828304 0.6082251082251081 0.28282828282828304 0.6082251082251081 0.3867243867243868 0.3593073593073592 0.3867243867243868
1 0.4967532467532462 0.1240981240981241 0.6753246753246747 0.1240981240981241 0.6753246753246747 0.20057720057720074 0.4967532467532462 0.20057720057720074
1 0.6590909090909087 0.2467532467532466 0.845238095238095 0.2467532467532466 0.845238095238095 0.33189033189033174 0.6590909090909087 0.33189033189033174
1 0.8129289596220187 0.5738882953593664 0.9786225659670879 0.5068218356482699 1.0 0.6007148792438094 0.8343063936549309 0.6677813389549059
1 0.8690476190476191 0.4227994227994227 0.9999999999999999 0.4227994227994227 0.9999999999999999 0.5209235209235208 0.8690476190476191 0.5209235209235208
1 0.2857142857142853 0.5209235209235202 0.45021645021644985 0.5209235209235202 0.45021645021644985 0.5974025974025969 0.2857142857142853 0.5974025974025969
