3 0.0 0.4532226958832182 0.5303030303030302 0.4532226958832182 0.5303030303030302 0.74025974025974 0.0 0.74025974025974
3 0.5043290043290041 0.6103896103896098 0.9999999999999981 0.6103896103896098 0.9999999999999981 0.7417027417027401 0.5043290043290041 0.7417027417027401
3 0.0 0.12854737120789364 0.4502164502164502 0.12854737120789364 0.4502164502164502 0.2842712842712842 0.0 0.2842712842712842
3 0.45454545454545453 0.0 0.6212121212121217 0.0 0.6212121212121217 0.17748917748917747 0.45454545454545453 0.17748917748917747
3 0.17316017316017301 0.03463203463203467 0.4047619047619045 0.03463203463203467 0.4047619047619045 0.17171717171717174 0.17316017316017301 0.17171717171717174
3 0.6623376623376628 0.266955266955267 0.9956709956709955 0.266955266955267 0.9956709956709955 0.37373737373737387 0.6623376623376628 0.37373737373737387
3 0.15584415584415576 0.29292929292929265 0.5411255411255406 0.29292929292929265 0.5411255411255406 0.47186147186147126 0.15584415584415576 0.47186147186147126
3 0.8787878787878788 0.5425685425685423 0.9999999999999998 0.5425685425685423 0.9999999999999998 0.6147186147186142 0.8787878787878788 0.6147186147186142
3 0.5562770562770551 0.4141414141414144 0.9956709956709945 0.4141414141414144 0.9956709956709945 0.5497835497835498 0.5562770562770551 0.5497835497835498
3 0.0 0.2525252525252528 0.2489177489177489 0.2525252525252528 0.2489177489177489 0.36219336219336223 0.0 0.36219336219336223
3 0.11904761904761894 0.4906204906204904 0.2099567099567097 0.4906204906204904 0.2099567099567097 0.715728715728715 0.11904761904761894 0.715728715728715
3 0.10173160173160171 0.815295815295815 0.4372294372294367 0.815295815295815 0.4372294372294367 0.924963924963924 0.10173160173160171 0.924963924963924
