1 0.17912457912457908 0.0966810966810967 0.3598204264870931 0.0966810966810967 0.3598204264870931 0.19047619047619063 0.17912457912457908 0.19047619047619063
1 0.18226711560044898 0.02308802308802309 0.314253647586981 0.02308802308802309 0.314253647586981 0.11255411255411256 0.18226711560044898 0.11255411255411256
3 0.8673400673400675 0.9134199134199137 0.9474747474747478 0.9134199134199137 0.9474747474747478 0.9841269841269843 0.8673400673400675 0.9841269841269843
3 0.38653198653198656 0.9206349206349208 0.47138047138047134 0.9206349206349208 0.47138047138047134 0.9437229437229441 0.38653198653198656 0.9437229437229441
3 0.35667789001122346 0.9018759018759022 0.4320987654320991 0.9018759018759022 0.4320987654320991 0.9307359307359311 0.35667789001122346 0.9307359307359311
3 0.33939393939393925 0.6017316017316015 0.4289562289562287 0.6017316017316015 0.4289562289562287 0.632034632034632 0.33939393939393925 0.632034632034632
3 0.6457912457912459 0.15151515151515155 0.7384960718294052 0.15151515151515155 0.7384960718294052 0.1774891774891775 0.6457912457912459 0.1774891774891775
3 0.0 0.2668350241745018 0.065993265993266 0.2668350241745018 0.065993265993266 0.292929292929293 0.0 0.292929292929293
3 0.9584736251402919 0.2092352092352091 0.9977553310886637 0.2092352092352091 0.9977553310886637 0.26406926406926395 0.9584736251402919 0.26406926406926395
3 0.14298540965207635 0.5093795093795094 0.20269360269360281 0.5093795093795094 0.20269360269360281 0.5512265512265513 0.14298540965207635 0.5512265512265513
3 0.1916947250280584 0.4819624819624822 0.25925925925925936 0.4819624819624822 0.25925925925925936 0.5252525252525253 0.1916947250280584 0.5252525252525253
3 0.1335578002244669 0.6521164094558872 0.20740740740740743 0.6521164094558872 0.20740740740740743 0.6753246753246755 0.1335578002244669 0.6753246753246755
1 0.5405162738496073 0.44733044733044736 0.628507295173962 0.44733044733044736 0.628507295173962 0.4992784992784994 0.5405162738496073 0.4992784992784994
