3 0.17662525982264937 0.44300144300144284 0.28603913758889243 0.44300144300144284 0.28603913758889243 0.47330447330447295 0.17662525982264937 0.47330447330447295
3 0.3126110793321233 0.44588744588744583 0.5455063334345551 0.44588744588744583 0.5455063334345551 0.4805194805194803 0.3126110793321233 0.4805194805194803
3 0.3548135750419597 0.4025974025974019 0.5752043859711066 0.4025974025974019 0.5752043859711066 0.4444444444444439 0.3548135750419597 0.4444444444444439
3 0.5470693888312158 0.36940836940837 0.783090753726969 0.36940836940837 0.783090753726969 0.4126984126984134 0.5470693888312158 0.4126984126984134
3 0.6299113248542284 0.4199134199134196 0.8721849113366241 0.4199134199134196 0.8721849113366241 0.4516594516594515 0.6299113248542284 0.4516594516594515
3 0.48454717296479105 0.4819624819624821 0.6877443745306713 0.4819624819624821 0.6877443745306713 0.5165945165945166 0.48454717296479105 0.5165945165945166
3 0.7361990918271502 0.4848484848484847 0.9612790689462791 0.4848484848484847 0.9612790689462791 0.509379509379509 0.7361990918271502 0.509379509379509
3 0.7921136322441379 0.3867243867243864 1.0 0.3867243867243864 1.0 0.4329004329004328 0.7921136322441379 0.4329004329004328
3 0.9393962933930297 0.5079365079365079 0.9999999999999991 0.5079365079365079 0.9999999999999991 0.5324675324675324 0.9393962933930297 0.5324675324675324
3 0.9237657394264245 0.41847041847041844 1.0 0.41847041847041844 1.0 0.4372294372294372 0.9237657394264245 0.4372294372294372
