1 0.23472823472823476 0.8470418470418469 0.5897065897065896 0.8470418470418469 0.5897065897065896 1.0 0.23472823472823476 1.0
1 0.09427609427609435 0.7373737373737375 0.43963443963443966 0.7373737373737375 0.43963443963443966 0.8686868686868693 0.09427609427609435 0.8686868686868693
1 0.23953823953823952 0.6594516594516588 0.6127946127946128 0.6594516594516588 0.6127946127946128 0.8080808080808074 0.23953823953823952 0.8080808080808074
1 0.8051948051948055 0.494949494949495 0.9975949975949979 0.494949494949495 0.9975949975949979 0.6681096681096681 0.8051948051948055 0.6681096681096681
1 0.24434824434824434 0.5627705627705628 0.6060606060606061 0.5627705627705628 0.6060606060606061 0.6652236652236653 0.24434824434824434 0.6652236652236653
1 0.11736411736411734 0.2987012987012989 0.49446849446849434 0.2987012987012989 0.49446849446849434 0.5887445887445892 0.11736411736411734 0.5887445887445892
1 0.3001443001443 0.3520923520923521 0.6599326599326599 0.3520923520923521 0.6599326599326599 0.5367965367965364 0.3001443001443 0.5367965367965364
1 0.5194805194805187 0.11688311688311695 0.868686868686868 0.11688311688311695 0.868686868686868 0.357864357864358 0.5194805194805187 0.357864357864358
1 0.0 0.5699855699855697 0.24050024050024044 0.5699855699855697 0.24050024050024044 0.6479076479076477 0.0 0.6479076479076477
1 0.5618085618085615 0.7272727272727277 0.8398268398268395 0.7272727272727277 0.8398268398268395 0.896103896103896 0.5618085618085615 0.896103896103896
