1 0.7890686311738938 0.6262626262626261 0.9975696817802073 0.6262626262626261 0.9975696817802073 0.8455988455988452 0.7890686311738938 0.8455988455988452
1 0.5482139692666009 0.32323232323232337 0.7908660540239489 0.32323232323232337 0.7908660540239489 0.7316017316017315 0.5482139692666009 0.7316017316017315
1 0.010784537100326574 0.5829725829725827 0.6380851117693221 0.5829725829725827 0.6380851117693221 0.9538239538239538 0.010784537100326574 0.9538239538239538
1 0.008987114250272132 0.47763347763347724 0.46732994101415154 0.47763347763347724 0.46732994101415154 0.6666666666666667 0.008987114250272132 0.6666666666666667
1 0.4835067466646406 0.3708513708513707 0.9957722589301514 0.3708513708513707 0.9957722589301514 0.5555555555555551 0.4835067466646406 0.5555555555555551
1 0.2390572390572389 0.085137085137085 0.6237057289688867 0.085137085137085 0.6237057289688867 0.40404040404040364 0.2390572390572389 0.40404040404040364
1 0.31634642160957926 0.012987012987012967 0.8070428596744379 0.012987012987012967 0.8070428596744379 0.3318903318903318 0.31634642160957926 0.3318903318903318
1 0.0035948457001088578 0.29437229437229445 0.2156907420065313 0.29437229437229445 0.2156907420065313 0.40981240981240996 0.0035948457001088578 0.40981240981240996
1 1.3569673585201023e-17 0.38251562517614746 0.16356547935495297 0.38251562517614746 0.16356547935495297 0.45887445887445855 1.3569673585201023e-17 0.45887445887445855
1 0.0 7.689856447620132e-18 0.16356547935495308 7.689856447620132e-18 0.16356547935495308 0.18193842459894705 0.0 0.18193842459894705
1 0.7459304827725881 0.0 0.850181008075745 0.0 0.850181008075745 0.041847041847041855 0.7459304827725881 0.041847041847041855
1 0.7890686311738944 3.2041068531750546e-18 0.9652160704792284 3.2041068531750546e-18 0.9652160704792284 0.11688311688311684 0.7890686311738944 0.11688311688311684
1 0.8789397736766154 0.10389610389610392 0.9957722589301536 0.10389610389610392 0.9957722589301536 0.22799422799422792 0.8789397736766154 0.22799422799422792
