0 0.3697216221300998 0.6623376623376632 0.7719066062033307 0.6623376623376632 0.7719066062033307 0.7878787878787886 0.3697216221300998 0.7878787878787886
0 0.11181824669300579 0.354978354978355 0.31741953899950004 0.354978354978355 0.31741953899950004 0.443001443001443 0.11181824669300579 0.443001443001443
0 0.4382553862322648 0.5945165945165952 0.7881382871748958 0.5945165945165952 0.7881382871748958 0.6911976911976916 0.4382553862322648 0.6911976911976916
0 0.324633619431307 0.3953823953823951 0.7250150833965852 0.3953823953823951 0.7250150833965852 0.5108225108225098 0.324633619431307 0.5108225108225098
0 0.3589005014823897 0.5757575757575756 0.5717158742206909 0.5757575757575756 0.5717158742206909 0.634920634920634 0.3589005014823897 0.634920634920634
0 0.3751321824539552 0.6017316017316023 0.6186073970274356 0.6017316017316023 0.6186073970274356 0.6753246753246763 0.3751321824539552 0.6753246753246763
0 0.5428595524934637 0.5093795093795093 0.6925517214534552 0.5093795093795093 0.6925517214534552 0.5454545454545451 0.5428595524934637 0.5454545454545451
0 0.47432578839129846 0.5079365079365079 0.6709094801580344 0.5079365079365079 0.6709094801580344 0.554112554112554 0.47432578839129846 0.554112554112554
0 0.5861440350843043 0.3564213564213562 0.7484608447999579 0.3564213564213562 0.7484608447999579 0.44300144300144295 0.5861440350843043 0.44300144300144295
0 0.3895603433175691 0.3549783549783551 0.6059827562717733 0.3549783549783551 0.6059827562717733 0.40981240981240974 0.3895603433175691 0.40981240981240974
0 0.22002945317010825 0.3549783549783551 0.3643110618062449 0.3549783549783551 0.3643110618062449 0.38816738816738816 0.22002945317010825 0.38816738816738816
0 0.274135056408659 0.37373737373737287 0.3967744237493749 0.37373737373737287 0.3967744237493749 0.4227994227994226 0.274135056408659 0.4227994227994226
0 0.33906178029492023 0.4444444444444444 0.39857794385732653 0.4444444444444444 0.39857794385732653 0.4689754689754686 0.33906178029492023 0.4689754689754686
0 0.38956034331756845 0.41991341991341974 0.49777154979467103 0.41991341991341974 0.49777154979467103 0.4458874458874454 0.38956034331756845 0.4458874458874454
0 0.5608947535729799 0.4733044733044734 0.6600883595103249 0.4733044733044734 0.6600883595103249 0.5238095238095238 0.5608947535729799 0.5238095238095238
0 0.48875394925491217 0.48340548340548367 0.5735193943286423 0.48340548340548367 0.5735193943286423 0.518037518037518 0.48875394925491217 0.518037518037518
