3 0.08476517754868268 0.779008204672881 0.28548419260204627 0.779008204672881 0.28548419260204627 0.9479850046860343 0.08476517754868268 0.9479850046860343
3 0.2542955326460481 0.16990578602081582 0.8671248568155783 0.16990578602081582 0.8671248568155783 0.86742629770302 0.2542955326460481 0.86742629770302
1 0.015571478798516331 0.0 0.27068137640539836 0.0 0.27068137640539836 0.2362405132231103 0.015571478798516331 0.2362405132231103
2 0.06643757159221071 0.7043440372252092 0.12371134020618546 0.7043440372252092 0.12371134020618546 0.7593597395550733 0.06643757159221071 0.7593597395550733
2 0.06185567010309271 0.5903829395419192 0.1122565864833905 0.5903829395419192 0.1122565864833905 0.6493283348953451 0.06185567010309271 0.6493283348953451
2 0.7938144329896908 0.8615317581676781 0.8774341351660939 0.8615317581676781 0.8774341351660939 0.9873616893185966 0.7938144329896908 0.9873616893185966
2 0.8579610538373429 0.321198967427942 0.957617411225659 0.321198967427942 0.957617411225659 0.4705273023232875 0.8579610538373429 0.4705273023232875
2 0.7731958762886599 0.03236653019615578 0.9690721649484537 0.03236653019615578 0.9690721649484537 0.2524293395156119 0.7731958762886599 0.2524293395156119
2 0.15126050420168066 0.6198182622331226 0.1944777911164466 0.6198182622331226 0.1944777911164466 0.6630613968075267 0.15126050420168066 0.6630613968075267
2 0.006002400960384155 0.6342326404245909 0.03361344537815126 0.6342326404245909 0.03361344537815126 0.6795349718834903 0.006002400960384155 0.6795349718834903
2 0.006002400960384155 0.38712901428513985 0.04321728691476591 0.38712901428513985 0.04321728691476591 0.5415687806222969 0.006002400960384155 0.5415687806222969
2 0.0984393757503001 0.6630613968075267 0.13445378151260504 0.6630613968075267 0.13445378151260504 0.6857125625369767 0.0984393757503001 0.6857125625369767
2 0.03601440576230492 0.7186597126889034 0.06362545018007203 0.7186597126889034 0.06362545018007203 0.7516068628408302 0.03601440576230492 0.7516068628408302
1 0.8483797986467814 0.7298937784522004 0.9996550286453203 0.7298937784522004 0.9996550286453203 0.9135053110773896 0.8483797986467814 0.9135053110773896
