3 0.5035153971324178 0.513708513708514 0.6471070300857532 0.513708513708514 0.6471070300857532 0.6623376623376628 0.5035153971324178 0.6623376623376628
3 0.8615497977200106 0.5122655122655122 0.9938052491243982 0.5122655122655122 0.9938052491243982 0.6695526695526698 0.8615497977200106 0.6695526695526698
3 0.23994917611938898 0.7258297258297256 0.416604671923821 0.7258297258297256 0.416604671923821 0.897546897546897 0.23994917611938898 0.897546897546897
3 0.4203833991068033 0.7157287157287158 0.5261877602303132 0.7157287157287158 0.5261877602303132 0.8643578643578642 0.4203833991068033 0.8643578643578642
3 0.07179581647666745 0.7229437229437223 0.18515763196614218 0.7229437229437223 0.18515763196614218 0.858585858585858 0.07179581647666745 0.858585858585858
3 0.10108095214478192 0.8961038961038938 0.19838317710658138 0.8961038961038938 0.19838317710658138 0.9971139971139948 0.10108095214478192 0.9971139971139948
3 0.5724771682218492 0.8109668109668103 0.675447483958122 0.8109668109668103 0.675447483958122 0.9769119769119757 0.5724771682218492 0.9769119769119757
3 0.8048688899752727 0.8282828282828286 0.9352349777881689 0.8282828282828286 0.9352349777881689 0.9062049062049066 0.8048688899752727 0.9062049062049066
3 0.2777364479492138 0.6349206349206349 0.4137706265365838 0.6349206349206349 0.4137706265365838 0.7676767676767676 0.2777364479492138 0.7676767676767676
1 0.03400854464684252 0.09944685678633425 0.4761196250557953 0.09944685678633425 0.4761196250557953 0.5324675324675323 0.03400854464684252 0.5324675324675323
3 0.002834045387236877 0.645021645021645 0.08218731622986934 0.645021645021645 0.08218731622986934 0.7734487734487735 0.002834045387236877 0.7734487734487735
