3 0.408703878902554 0.6533013891630302 0.5534531693472087 0.6533013891630302 0.5534531693472087 0.8269637837506709 0.408703878902554 0.8269637837506709
3 0.8599810785241242 0.3804033405253092 0.9631031220435187 0.3804033405253092 0.9631031220435187 0.5209871837629234 0.8599810785241242 0.5209871837629234
3 0.8457899716177866 0.1273524226976035 0.9583727530747405 0.1273524226976035 0.9583727530747405 0.2712441210702204 0.8457899716177866 0.2712441210702204
3 0.5666982024597912 0.05127175459254173 0.6679280983916729 0.05127175459254173 0.6679280983916729 0.16870061188513735 0.5666982024597912 0.16870061188513735
3 0.38126773888363275 0.3721337026878027 0.5146641438032165 0.3721337026878027 0.5146641438032165 0.4614457913328751 0.38126773888363275 0.4614457913328751
3 0.7899716177861877 0.6351081859205164 0.8703878902554405 0.6351081859205164 0.8703878902554405 0.7574988259156158 0.7899716177861877 0.7574988259156158
3 0.8789025543992421 0.5838364313279746 0.9139072847682108 0.5838364313279746 0.9139072847682108 0.7674223913206232 0.8789025543992421 0.7674223913206232
3 0.054872280037842905 0.3539404994452874 0.21097445600756842 0.3539404994452874 0.21097445600756842 0.5491039524104465 0.054872280037842905 0.5491039524104465
3 0.0643330179754021 0.47136935673788277 0.19867549668874185 0.47136935673788277 0.19867549668874185 0.6466856788930255 0.0643330179754021 0.6466856788930255
3 0.09933774834437084 0.646685678893025 0.19394512771996197 0.646685678893025 0.19394512771996197 0.7260742021330895 0.09933774834437084 0.7260742021330895
3 0.21381267738883633 0.8269637837506724 0.28098391674550616 0.8269637837506724 0.28098391674550616 0.921237655098249 0.21381267738883633 0.921237655098249
3 0.027436140018921477 0.818694145913165 0.0728476821192053 0.818694145913165 0.0728476821192053 0.9129680172607416 0.027436140018921477 0.9129680172607416
3 0.10406811731315033 0.7095349264580768 0.18353831598864698 0.7095349264580768 0.18353831598864698 0.7823077394281359 0.10406811731315033 0.7823077394281359
3 0.22421948912015138 0.6152610551105003 0.2639545884578997 0.6152610551105003 0.2639545884578997 0.6847260129455567 0.22421948912015138 0.6847260129455567
2 0.2753074739829705 0.4581379361978722 0.5033112582781455 0.4581379361978722 0.5033112582781455 0.8054627253731552 0.2753074739829705 0.8054627253731552
3 0.6906338694418165 0.3671719199852986 0.7199621570482497 0.3671719199852986 0.7199621570482497 0.489562559980398 0.6906338694418165 0.489562559980398
