2 0.4252636474858697 0.0740740740740741 0.9964206630873295 0.0740740740740741 0.9964206630873295 0.4730639730639735 0.4252636474858697 0.4730639730639735
2 0.0031041142152253265 0.5993265993265998 0.18935096712874494 0.5993265993265998 0.18935096712874494 0.7356902356902355 0.0031041142152253265 0.7356902356902355
3 0.6316872427983532 0.8569023569023568 0.8008614675281333 0.8569023569023568 0.8008614675281333 0.9461279461279463 0.6316872427983532 0.9461279461279463
2 0.6860092415647974 0.6380471380471383 0.8101738101738103 0.6380471380471383 0.8101738101738103 0.755892255892256 0.6860092415647974 0.755892255892256
2 0.34766079210523665 0.9360269360269352 0.4314718759163204 0.9360269360269352 0.4314718759163204 0.9949494949494939 0.34766079210523665 0.9949494949494939
3 0.9095054650610206 0.5538720538720538 0.9731398064731398 0.5538720538720538 0.9731398064731398 0.6060606060606061 0.9095054650610206 0.6060606060606061
1 0.11573911573911566 0.27417027417027406 0.2394602394602394 0.27417027417027406 0.2394602394602394 0.3275613275613275 0.11573911573911566 0.3275613275613275
1 0.11174811174811153 0.19336219336219304 0.21285354618687916 0.19336219336219304 0.21285354618687916 0.2539682539682536 0.11174811174811153 0.2539682539682536
1 0.027937027937027903 0.2611832611832612 0.1303727970394636 0.2611832611832612 0.1303727970394636 0.3116883116883117 0.027937027937027903 0.3116883116883117
1 0.0 0.15283791017738774 0.059865059865059855 0.15283791017738774 0.059865059865059855 0.20923520923520925 0.0 0.20923520923520925
3 0.3405656738990072 0.27561327561327564 0.441671108337775 0.27561327561327564 0.441671108337775 0.35209235209235223 0.3405656738990072 0.35209235209235223
