2 0.08117876919529808 0.7287157287157271 0.171907981825337 0.7287157287157271 0.171907981825337 0.953823953823953 0.08117876919529808 0.953823953823953
2 0.3122995003160291 0.5209235209235206 0.45842128486756556 0.5209235209235206 0.45842128486756556 0.6681096681096677 0.3122995003160291 0.6681096681096677
2 0.27791790395096194 0.6724386724386726 0.4670166839588327 0.6724386724386726 0.4670166839588327 0.8412698412698407 0.27791790395096194 0.8412698412698407
2 0.38106269304616464 0.6089466089466088 0.46415155092841087 0.6089466089466088 0.46415155092841087 0.6897546897546891 0.38106269304616464 0.6897546897546891
2 0.4631965065849358 0.5974025974025967 0.5338697880020191 0.5974025974025967 0.5338697880020191 0.6969696969696966 0.4631965065849358 0.6969696969696966
2 0.4135342007242834 0.35930735930735935 0.4431405753719803 0.35930735930735935 0.4431405753719803 0.40548340548340545 0.4135342007242834 0.40548340548340545
2 0.19196391303829305 0.558441558441559 0.2397161302119978 0.558441558441559 0.2397161302119978 0.6406926406926406 0.19196391303829305 0.6406926406926406
1 0.20246940081650816 0.4545454545454526 0.2674124161727467 0.4545454545454526 0.2674124161727467 0.5930735930735913 0.20246940081650816 0.5930735930735913
1 0.2024694008165082 0.3881673881673875 0.37628747132879387 0.3881673881673875 0.37628747132879387 0.5411255411255405 0.2024694008165082 0.5411255411255405
1 0.04775221717370479 0.5050505050505051 0.13943647414721796 0.5050505050505051 0.13943647414721796 0.6392496392496394 0.04775221717370479 0.6392496392496394
1 0.8433041552876268 0.1688311688311689 0.9598195651914662 0.1688311688311689 0.9598195651914662 0.2582972582972583 0.8433041552876268 0.2582972582972583
1 0.38774800345048294 0.38383838383838326 0.4106690676938613 0.38383838383838326 0.4106690676938613 0.40836940836940777 0.38774800345048294 0.40836940836940777
