3 0.4805194805194805 0.12409812409812405 0.5324675324675324 0.12409812409812405 0.5324675324675324 0.14718614718614717 0.4805194805194805 0.14718614718614717
3 0.4415584415584416 0.08369408369408368 0.4935064935064935 0.08369408369408368 0.4935064935064935 0.10966810966810965 0.4415584415584416 0.10966810966810965
3 0.62987012987013 0.046176046176046176 0.6774891774891778 0.046176046176046176 0.6774891774891778 0.06637806637806638 0.62987012987013 0.06637806637806638
3 0.6125541125541126 0.03751803751803752 0.645021645021645 0.03751803751803752 0.645021645021645 0.06204906204906205 0.6125541125541126 0.06204906204906205
3 0.8939393939393938 0.04906204906204902 0.9307359307359306 0.04906204906204902 0.9307359307359306 0.08802308802308798 0.8939393939393938 0.08802308802308798
3 0.5 0.005772005772005772 0.551948051948052 0.005772005772005772 0.551948051948052 0.023088023088023088 0.5 0.023088023088023088
3 0.41558441558441556 0.004329004329004329 0.461038961038961 0.004329004329004329 0.461038961038961 0.03318903318903319 0.41558441558441556 0.03318903318903319
3 0.66017316017316 0.9134199134199131 0.7077922077922075 0.9134199134199131 0.7077922077922075 0.963924963924964 0.66017316017316 0.963924963924964
3 0.47186147186147187 0.8658008658008657 0.5346320346320347 0.8658008658008657 0.5346320346320347 0.9292929292929292 0.47186147186147187 0.9292929292929292
3 0.7337662337662337 0.32756132756132755 0.7965367965367967 0.32756132756132755 0.7965367965367967 0.3593073593073593 0.7337662337662337 0.3593073593073593
3 0.8614718614718615 0.6132756132756133 0.9155844155844156 0.6132756132756133 0.9155844155844156 0.6507936507936507 0.8614718614718615 0.6507936507936507
3 0.9610389610389608 0.9350649350649353 0.9999999999999997 0.9350649350649353 0.9999999999999997 0.9826839826839824 0.9610389610389608 0.9826839826839824
5 0.0 0.1558441558441559 0.7489177489177472 0.1558441558441559 0.7489177489177472 0.8296055869450644 0.0 0.8296055869450644
