3 0.17335895397119885 0.3679653679653681 0.3851267779839208 0.3679653679653681 0.3851267779839208 0.5281385281385284 0.17335895397119885 0.5281385281385284
3 0.03218040462938421 0.354978354978355 0.19723473805106442 0.354978354978355 0.19723473805106442 0.49927849927849904 0.03218040462938421 0.49927849927849904
3 0.44222104426186065 0.00012024278076524169 0.6051992225461612 0.00012024278076524169 0.6051992225461612 0.26406926406926395 0.44222104426186065 0.26406926406926395
3 0.7858247194981888 0.36075036075036065 0.984097535117943 0.36075036075036065 0.984097535117943 0.45887445887445893 0.7858247194981888 0.45887445887445893
3 0.6685219542362401 0.33621933621933614 0.7827104867921195 0.33621933621933614 0.7827104867921195 0.4155844155844155 0.6685219542362401 0.4155844155844155
3 0.782710486792119 0.26984126984127005 0.8948228642106184 0.26984126984127005 0.8948228642106184 0.3477633477633479 0.782710486792119 0.3477633477633479
3 0.7982816503224669 0.1096681096681096 0.8719851576994436 0.1096681096681096 0.8719851576994436 0.2106782106782106 0.7982816503224669 0.2106782106782106
3 0.7391112289071461 0.028860028860028846 0.8481093736195764 0.028860028860028846 0.8481093736195764 0.10966810966810966 0.7391112289071461 0.10966810966810966
3 0.8501855287569575 0.001443001443001443 0.9519171304885601 0.001443001443001443 0.9519171304885601 0.07792207792207785 0.8501855287569575 0.07792207792207785
3 0.18893011750154606 0.2207792207792207 0.2896236416644579 0.2207792207792207 0.2896236416644579 0.3044733044733044 0.18893011750154606 0.3044733044733044
