0 0.6998976415262752 0.6363636363636367 0.8954304029970632 0.6363636363636367 0.8954304029970632 1.0 0.6998976415262752 1.0
0 0.5701516035409863 0.6969696969696969 0.7492376841403989 0.6969696969696969 0.7492376841403989 0.9220779220779222 0.5701516035409863 0.9220779220779222
0 0.7017250505119832 0.481962481962482 0.9502526725683105 0.481962481962482 0.9502526725683105 0.7243867243867244 0.7017250505119832 0.7243867243867244
0 0.27959357481336805 0.4978354978354977 0.5463952867267782 0.4978354978354977 0.5463952867267782 0.7561327561327554 0.27959357481336805 0.7561327561327554
0 0.5262937878839862 0.21212121212121185 0.7894406818259792 0.21212121212121185 0.7894406818259792 0.49062049062048985 0.5262937878839862 0.49062049062048985
0 0.5043648800554879 0.16883116883116905 0.6907605965977336 0.16883116883116905 0.6907605965977336 0.47619047619047666 0.5043648800554879 0.47619047619047666
0 0.19005053451366202 0.21645021645021637 0.6761413247120673 0.21645021645021637 0.6761413247120673 0.5714285714285716 0.19005053451366202 0.5714285714285716
0 0.009137044928541452 0.11255411255411253 0.5226389699125707 0.11255411255411253 0.5226389699125707 0.5512265512265505 0.009137044928541452 0.5512265512265505
0 0.11147194812820524 0.2741702741702741 0.30152248264186654 0.2741702741702741 0.30152248264186654 0.4603174603174597 0.11147194812820524 0.4603174603174597
0 0.012791862899958022 0.16017316017316025 0.22842612321353623 0.16017316017316025 0.22842612321353623 0.31024531024531027 0.012791862899958022 0.31024531024531027
