0 0.21223225407284618 0.24417176120080156 0.5534272400726417 0.24832631787705273 0.5522293233666205 0.46946416638136895 0.21103433736682498 0.4653096097051178
2 0.7257028995310241 0.724386724386724 0.9374464511183257 0.724386724386724 0.9374464511183257 0.89033189033189 0.7257028995310241 0.89033189033189
2 0.9018350356240981 0.7950937950937953 0.9441837459415582 0.7950937950937953 0.9441837459415582 0.8759018759018758 0.9018350356240981 0.8759018759018758
2 0.6477427737193362 0.45165945165945165 0.815212673611111 0.45165945165945165 0.815212673611111 0.5901875901875903 0.6477427737193362 0.5901875901875903
2 0.5620828823953805 0.5916305916305918 0.6246434771825381 0.5916305916305918 0.6246434771825381 0.6565656565656567 0.5620828823953805 0.6565656565656567
2 0.17420719471500704 0.8542568542568545 0.32724003427128406 0.8542568542568545 0.32724003427128406 0.9884559884559888 0.17420719471500704 0.9884559884559888
2 0.16458248782467544 0.7128427128427128 0.23676778950216432 0.7128427128427128 0.23676778950216432 0.7821067821067821 0.16458248782467544 0.7821067821067821
2 0.2733416756854256 0.5772005772005772 0.3330148584054833 0.5772005772005772 0.3330148584054833 0.6334776334776333 0.2733416756854256 0.6334776334776333
3 0.07988506718975466 0.8528138528138537 0.16554495851370846 0.8528138528138537 0.16554495851370846 0.9350649350649358 0.07988506718975466 0.9350649350649358
3 0.07218530167748911 0.502164502164502 0.1222337775072149 0.502164502164502 0.1222337775072149 0.5396825396825399 0.07218530167748911 0.5396825396825399
3 0.05582329996392496 0.6046176046176046 0.10298436372655122 0.6046176046176046 0.10298436372655122 0.6392496392496392 0.05582329996392496 0.6392496392496392
3 0.20115637400793648 0.6233766233766234 0.24831743777056275 0.6233766233766234 0.24831743777056275 0.6522366522366522 0.20115637400793648 0.6522366522366522
3 0.19441907918470416 0.5440115440115441 0.23388037743506496 0.5440115440115441 0.23388037743506496 0.5815295815295816 0.19441907918470416 0.5815295815295816
3 0.15207036886724387 0.5036075036075036 0.16939484126984128 0.5036075036075036 0.16939484126984128 0.5266955266955267 0.15207036886724387 0.5266955266955267
3 0.13378342577561328 0.7186147186147186 0.16169507575757575 0.7186147186147186 0.16169507575757575 0.7489177489177489 0.13378342577561328 0.7489177489177489
3 0.19441907918470414 0.7821067821067816 0.23676778950216448 0.7821067821067816 0.23676778950216448 0.8124098124098124 0.19441907918470414 0.8124098124098124
3 0.14340813266594507 0.7936507936507932 0.16746989989177488 0.7936507936507932 0.16746989989177488 0.854256854256854 0.14340813266594507 0.854256854256854
3 0.08181000856782106 0.7922077922077917 0.09720953959235205 0.7922077922077917 0.09720953959235205 0.8297258297258291 0.08181000856782106 0.8297258297258291
2 0.8055879667207787 0.5483405483405481 0.8402369115259739 0.5483405483405481 0.8402369115259739 0.5988455988455986 0.8055879667207787 0.5988455988455986
4 0.7786387874278495 0.20779220779220764 0.9470711580086569 0.20779220779220764 0.9470711580086569 0.32756132756132733 0.7786387874278495 0.32756132756132733
3 0.9788326907467532 0.7849927849927848 0.9980821045274169 0.7849927849927848 0.9980821045274169 0.8369408369408368 0.9788326907467532 0.8369408369408368
