2 0.5825364112517762 0.6594516594516597 0.6475768843527032 0.6594516594516597 0.6475768843527032 0.7229437229437232 0.5825364112517762 0.7229437229437232
2 0.5570857913427186 0.493506493506494 0.6631300409637945 0.493506493506494 0.6631300409637945 0.5743145743145747 0.5570857913427186 0.5743145743145747
2 0.11169994293419988 0.5223665223665223 0.21350242257043267 0.5223665223665223 0.21350242257043267 0.5974025974025973 0.11169994293419988 0.5974025974025973
2 0.1922935726462174 0.34776334776334766 0.302579592252136 0.34776334776334766 0.302579592252136 0.4285714285714285 0.1922935726462174 0.4285714285714285
2 0.492045318241792 0.3910533910533913 0.6065731078325538 0.3910533910533913 0.6065731078325538 0.47619047619047655 0.492045318241792 0.47619047619047655
2 0.5980895678628675 0.33189033189033185 0.6928224308576956 0.33189033189033185 0.6928224308576956 0.404040404040404 0.5980895678628675 0.404040404040404
2 0.5245655547922552 0.2914862914862912 0.5825364112517767 0.2914862914862912 0.5825364112517767 0.36796536796536755 0.5245655547922552 0.36796536796536755
2 0.6405072677112984 0.17027417027417008 0.7507932873172168 0.17027417027417008 0.7507932873172168 0.27128427128427124 0.6405072677112984 0.27128427128427124
2 0.48073393161554356 0.15728715728715734 0.558499714670999 0.15728715728715734 0.558499714670999 0.2395382395382395 0.48073393161554356 0.2395382395382395
2 0.4114516885297742 0.18759018759018767 0.4807339316155433 0.18759018759018767 0.4807339316155433 0.2756132756132757 0.4114516885297742 0.2756132756132757
2 0.2700593557016728 0.11688311688311691 0.34782513875712817 0.11688311688311691 0.34782513875712817 0.20202020202020218 0.2700593557016728 0.20202020202020218
2 0.15835941276747326 0.1919191919191919 0.2658175857168301 0.1919191919191919 0.2658175857168301 0.2698412698412699 0.15835941276747326 0.2698412698412699
2 0.014139233282810089 0.278499278499278 0.09756070965138974 0.278499278499278 0.09756070965138974 0.3419913419913415 0.014139233282810089 0.3419913419913415
2 0.09331893966654672 0.17604617604617606 0.1682568760654404 0.17604617604617606 0.1682568760654404 0.2481962481962482 0.09331893966654672 0.2481962481962482
2 0.36620614202478186 0.01875901875901877 0.4694225449892955 0.01875901875901877 0.4694225449892955 0.12987012987012986 0.36620614202478186 0.12987012987012986
2 0.24460873579261483 0.024531024531024532 0.32520236550463244 0.024531024531024532 0.32520236550463244 0.09523809523809525 0.24460873579261483 0.09523809523809525
2 0.2700593557016732 0.18759018759018725 0.33368590547431864 0.18759018759018725 0.33368590547431864 0.23953823953823913 0.2700593557016732 0.23953823953823913
2 0.5867781812366196 0.027417027417027437 0.6291958810850498 0.027417027417027437 0.6291958810850498 0.11688311688311685 0.5867781812366196 0.11688311688311685
1 0.8257312237161103 0.16161616161616163 0.8681489235645403 0.16161616161616163 0.8681489235645403 0.2597402597402596 0.8257312237161103 0.2597402597402596
