2 0.05971181556195959 0.5599999999999998 0.29002881844380374 0.5599999999999998 0.29002881844380374 0.9511111111111102 0.05971181556195959 0.9511111111111102
2 0.18956131924431627 0.39555555555555555 0.3478450208133204 0.39555555555555555 0.3478450208133204 0.8000000000000002 0.18956131924431627 0.8000000000000002
2 0.26538584694204287 0.20888888888888876 0.40945244956772325 0.20888888888888876 0.40945244956772325 0.5244444444444443 0.26538584694204287 0.5244444444444443
2 0.36395773294908756 0.2888888888888888 0.44831252001280825 0.2888888888888888 0.44831252001280825 0.5599999999999997 0.36395773294908756 0.5599999999999997
2 0.3819660582772972 0.4888888888888885 0.4558949727825806 0.4888888888888885 0.4558949727825806 0.6 0.3819660582772972 0.6
2 0.3506884406019852 0.5244444444444448 0.43030419468459796 0.5244444444444448 0.43030419468459796 0.6755555555555556 0.3506884406019852 0.6755555555555556
2 0.6132308677553633 0.546666666666667 0.7639321165545948 0.546666666666667 0.7639321165545948 0.9333333333333332 0.6132308677553633 0.9333333333333332
2 0.5468844060198523 0.4533333333333332 0.6246045469100217 0.4533333333333332 0.6246045469100217 0.8711111111111108 0.5468844060198523 0.8711111111111108
2 0.4587383925712455 0.5066666666666667 0.5544668587896255 0.5066666666666667 0.5544668587896255 0.7288888888888888 0.4587383925712455 0.7288888888888888
2 0.5516234390009601 0.7822222222222217 0.631239193083573 0.7822222222222217 0.631239193083573 0.9377777777777772 0.5516234390009601 0.9377777777777772
2 0.4938072366314442 0.7066666666666664 0.5544668587896253 0.7066666666666664 0.5544668587896253 0.8488888888888886 0.4938072366314442 0.8488888888888886
2 0.7127505603586289 0.5199999999999999 0.7772014089016966 0.5199999999999999 0.7772014089016966 0.6488888888888888 0.7127505603586289 0.6488888888888888
2 0.4596861991674671 0.5066666666666668 0.5004418828049955 0.5066666666666668 0.5004418828049955 0.688888888888889 0.4596861991674671 0.688888888888889
