2 0.27436140018921473 0.5197130886413222 0.32355723746452214 0.5197130886413222 0.32355723746452214 0.6657946054486129 0.27436140018921473 0.6657946054486129
2 0.14664143803216656 0.8624428011507348 0.21759697256385999 0.8624428011507348 0.21759697256385999 0.9804317185720075 0.14664143803216656 0.9804317185720075
2 0.02554399243140966 0.803448342440098 0.09176915799432359 0.803448342440098 0.09176915799432359 0.943911339370185 0.02554399243140966 0.943911339370185
2 0.9148533585619677 0.17698337613190973 0.978240302743614 0.17698337613190973 0.978240302743614 0.3090185932461918 0.9148533585619677 0.3090185932461918
2 0.5269631031220434 0.5618519877203485 0.562913907284768 0.5618519877203485 0.562913907284768 0.6686038653872148 0.5269631031220434 0.6686038653872148
2 0.5118259224219489 0.4326260305446684 0.5543992431409649 0.4326260305446684 0.5543992431409649 0.5225223485799237 0.5118259224219489 0.5225223485799237
2 0.391674550614948 0.6854594250188251 0.42005676442762524 0.6854594250188251 0.42005676442762524 0.7978298225628947 0.391674550614948 0.7978298225628947
2 0.35856196783349104 0.8652520610893368 0.380321665089877 0.8652520610893368 0.380321665089877 0.9776224586334065 0.35856196783349104 0.9776224586334065
2 0.3755912961210975 0.7781650029926823 0.3916745506149479 0.7781650029926823 0.3916745506149479 0.9017724402911589 0.3755912961210975 0.9017724402911589
2 0.510879848628193 0.530950128395729 0.5345316934720905 0.530950128395729 0.5345316934720905 0.6152279265537812 0.510879848628193 0.6152279265537812
