3 0.34452655999617326 0.793650793650794 0.7576156194940722 0.793650793650794 0.7576156194940722 0.9971139971139971 0.34452655999617326 0.9971139971139971
3 0.05656406208892395 0.8297258297258299 0.3599531223840618 0.8297258297258299 0.3599531223840618 0.9769119769119766 0.05656406208892395 0.9769119769119766
3 0.488507808949798 0.6349206349206349 0.6599140577041129 0.6349206349206349 0.6599140577041129 0.7950937950937952 0.488507808949798 0.7950937950937952
3 0.6359171828785083 0.5151515151515148 0.8450328063587722 0.5151515151515148 0.8450328063587722 0.6926406926406926 0.6359171828785083 0.6926406926406926
3 0.12684062407819308 0.16594516594516606 0.4627968716366505 0.16594516594516606 0.4627968716366505 0.35209235209235223 0.12684062407819308 0.35209235209235223
3 0.5107906212878581 0.08068783802731555 0.821035931533168 0.08068783802731555 0.821035931533168 0.2842712842712841 0.5107906212878581 0.2842712842712841
3 0.8073234316328239 0.46464646464646386 0.9975843677501125 0.46464646464646386 0.9975843677501125 0.6233766233766221 0.8073234316328239 0.6233766233766221
3 0.8621734312342036 0.7561327561327558 0.9735874929245082 0.7561327561327558 0.9735874929245082 0.8787878787878783 0.8621734312342036 0.8787878787878783
3 0.0 0.0028860028860028864 0.4645109341241937 0.0028860028860028864 0.4645109341241937 0.27128427128427113 0.0 0.27128427128427113
3 0.7850406192947629 0.0028860028860028864 0.9872999928248547 0.0028860028860028864 0.9872999928248547 0.13997113997113997 0.7850406192947629 0.13997113997113997
3 0.898168743472611 0.3809523809523807 0.999298430237657 0.3809523809523807 0.999298430237657 0.48340548340548306 0.898168743472611 0.48340548340548306
3 0.9513046805864482 0.7085137085137085 0.9999999999999997 0.7085137085137085 0.9999999999999997 0.7619047619047618 0.9513046805864482 0.7619047619047618
