2 0.15584415584415584 0.4733044733044732 0.2693602693602693 0.4733044733044732 0.2693602693602693 0.5223665223665223 0.15584415584415584 0.5223665223665223
2 0.22510822510822512 0.42279942279942273 0.25974025974025977 0.42279942279942273 0.25974025974025977 0.4502164502164502 0.22510822510822512 0.4502164502164502
2 0.4656084656084655 0.4516594516594515 0.5194805194805194 0.4516594516594515 0.5194805194805194 0.4848484848484845 0.4656084656084655 0.4848484848484845
2 0.36171236171236193 0.44733044733044763 0.3886483886483887 0.44733044733044763 0.3886483886483887 0.4632034632034635 0.36171236171236193 0.4632034632034635
2 0.5194805194805191 0.42712842712842664 0.5618085618085614 0.42712842712842664 0.5618085618085614 0.44588744588744544 0.5194805194805191 0.44588744588744544
2 0.5714285714285704 0.4227994227994226 0.6329966329966324 0.4227994227994226 0.6329966329966324 0.4502164502164502 0.5714285714285704 0.4502164502164502
2 0.6022126022126024 0.4025974025974015 0.6541606541606542 0.4025974025974015 0.6541606541606542 0.4184704184704174 0.6022126022126024 0.4184704184704174
2 0.6387686387686383 0.44877344877344916 0.6830206830206821 0.44877344877344916 0.6830206830206821 0.4689754689754692 0.6387686387686383 0.4689754689754692
2 0.709956709956709 0.375180375180375 0.7580567580567572 0.375180375180375 0.7580567580567572 0.401154401154401 0.709956709956709 0.401154401154401
2 0.7465127465127465 0.42279942279942273 0.7888407888407887 0.42279942279942273 0.7888407888407887 0.4473304473304473 0.7465127465127465 0.4473304473304473
3 0.8273208273208273 0.4603174603174603 0.8734968734968735 0.4603174603174603 0.8734968734968735 0.4747474747474747 0.8273208273208273 0.4747474747474747
2 0.7407407407407404 0.46176046176046176 0.7619047619047614 0.46176046176046176 0.7619047619047614 0.48773448773448774 0.7407407407407404 0.48773448773448774
2 0.683020683020683 0.4761904761904761 0.7061087061087062 0.4761904761904761 0.7061087061087062 0.5036075036075035 0.683020683020683 0.5036075036075035
2 0.7157287157287159 0.47907647907647916 0.733044733044733 0.47907647907647916 0.733044733044733 0.4949494949494949 0.7157287157287159 0.4949494949494949
2 0.8100048100048097 0.4083694083694082 0.8292448292448289 0.4083694083694082 0.8292448292448289 0.4329004329004327 0.8100048100048097 0.4329004329004327
