3 0.0327433628318584 0.6426192348227577 0.2061946902654867 0.6426192348227577 0.2061946902654867 0.7724283587332919 0.0327433628318584 0.7724283587332919
3 0.007079646017699098 0.7638882847918101 0.10619469026548668 0.7638882847918101 0.10619469026548668 0.8544144554926301 0.007079646017699098 0.8544144554926301
3 0.3017699115044247 0.7006917376248394 0.39823008849557506 0.7006917376248394 0.39823008849557506 0.7963405657694433 0.3017699115044247 0.7963405657694433
3 0.34867256637168054 0.6135829834217168 0.4805309734513271 0.6135829834217168 0.4805309734513271 0.6938596784716519 0.34867256637168054 0.6938596784716519
3 0.36548672566371665 0.6836115897418742 0.46194690265486704 0.6836115897418742 0.46194690265486704 0.7536401960620308 0.36548672566371665 0.7536401960620308
3 0.3654867256637165 0.01919383709453469 0.47522123893805257 0.01919383709453469 0.47522123893805257 0.09263847299128425 0.3654867256637165 0.09263847299128425
3 0.5247787610619467 0.4137452531910266 0.6495575221238925 0.4137452531910266 0.6495575221238925 0.5264742292185954 0.5247787610619467 0.5264742292185954
3 0.6805309734513281 0.3744609130602067 0.7876106194690272 0.3744609130602067 0.7876106194690272 0.4530295933218464 0.6805309734513281 0.4530295933218464
3 0.5743362831858407 0.5093940813356294 0.7265486725663721 0.5093940813356294 0.7265486725663721 0.6152909982100129 0.5743362831858407 0.6152909982100129
3 0.4929203539822996 0.5520944510430433 0.576991150442476 0.5520944510430433 0.576991150442476 0.6409112200344609 0.4929203539822996 0.6409112200344609
3 0.8106194690265482 0.24123575957307972 0.9079646017699107 0.24123575957307972 0.9079646017699107 0.3334685581410905 0.8106194690265482 0.3334685581410905
3 0.8371681415929202 0.4154532679793229 0.9194690265486724 0.4154532679793229 0.9194690265486724 0.4837738595111832 0.8371681415929202 0.4837738595111832
3 0.7619469026548668 0.45986165247503247 0.8389380530973447 0.45986165247503247 0.8389380530973447 0.5247662144302994 0.7619469026548668 0.5247662144302994
3 0.9265486725663713 0.35581507626722475 0.9999999999999999 0.35581507626722475 0.9999999999999999 0.4427815045920675 0.9265486725663713 0.4427815045920675
3 0.927433628318584 0.500854007394148 0.9999999999999994 0.500854007394148 0.9999999999999994 0.582981043110659 0.927433628318584 0.582981043110659
3 0.8238938053097344 0.5435543771015604 0.9929203539823007 0.5435543771015604 0.9929203539823007 0.6784875453769839 0.8238938053097344 0.6784875453769839
3 0.5123893805309734 0.659699382705723 0.6743362831858406 0.659699382705723 0.6743362831858406 0.7843844622513675 0.5123893805309734 0.7843844622513675
3 0.617699115044248 0.8270848319587801 0.742477876106195 0.8270848319587801 0.742477876106195 0.9483538819278323 0.617699115044248 0.9483538819278323
3 0.551327433628318 0.8714932164544886 0.6938053097345125 0.8714932164544886 0.6938053097345125 0.9944702812118368 0.551327433628318 0.9944702812118368
3 0.45132743362831845 0.7485161516971405 0.5336283185840706 0.7485161516971405 0.5336283185840706 0.8253768171704837 0.45132743362831845 0.8253768171704837
3 0.6654867256637169 0.4940219482409622 0.7477876106194691 0.4940219482409622 0.7477876106194691 0.5572184954079324 0.6654867256637169 0.5572184954079324
3 0.660176991150442 0.6118749686334204 0.8327433628318579 0.6118749686334204 0.8327433628318579 0.7143558559312106 0.660176991150442 0.7143558559312106
3 0.6876106194690259 0.6972757080482459 0.8469026548672558 0.6972757080482459 0.8469026548672558 0.7980485805577395 0.6876106194690259 0.7980485805577395
3 0.7318584070796458 0.8390409354768557 0.898230088495575 0.8390409354768557 0.898230088495575 0.9876382220586514 0.7318584070796458 0.9876382220586514
3 0.8017699115044252 0.734852033390769 0.992035398230089 0.734852033390769 0.992035398230089 0.8595371129364126 0.8017699115044252 0.8595371129364126
3 0.8115044247787605 0.6836115897418735 0.8902654867256631 0.6836115897418735 0.8902654867256631 0.7416840925439543 0.8115044247787605 0.7416840925439543
2 0.7345132743362829 0.30955635110494 0.7787610619469025 0.30955635110494 0.7787610619469025 0.3864170165782826 0.7345132743362829 0.3864170165782826
3 0.9176991150442482 0.31468039546982945 0.9743362831858411 0.31468039546982945 0.9743362831858411 0.4000811348846546 0.9176991150442482 0.4000811348846546
