4 0.007568590350047304 0.42364888836329245 0.6736045411542094 0.42364888836329245 0.6736045411542094 0.9216946546830634 0.007568590350047304 0.9216946546830634
1 0.44087038789025534 0.35958491012298954 0.6253547776726583 0.35958491012298954 0.6253547776726583 0.4939126064333017 0.44087038789025534 0.4939126064333017
1 0.663197729422895 0.16532639545884567 0.8249763481551564 0.16532639545884567 0.8249763481551564 0.2975875118259223 0.663197729422895 0.2975875118259223
1 0.8789025543992431 0.1425940160832545 0.9990539262062441 0.1425940160832545 0.9990539262062441 0.2893211920529801 0.8789025543992431 0.2893211920529801
1 0.8751182592242188 0.285360236650609 0.9999999999999993 0.285360236650609 0.9999999999999993 0.40918282876064305 0.8751182592242188 0.40918282876064305
1 0.8003784295175023 0.022732379375591295 0.8959318826868495 0.022732379375591295 0.8959318826868495 0.08886293755912958 0.8003784295175023 0.08886293755912958
1 0.9082308420056763 0.5104452459791864 0.9990539262062441 0.5104452459791864 0.9990539262062441 0.6592390018921475 0.9082308420056763 0.6592390018921475
1 0.7038789025543991 0.8576306764427629 0.8382213812677387 0.8576306764427629 0.8382213812677387 0.9712925733207195 0.7038789025543991 0.9712925733207195
1 0.8457899716177864 0.6261737228003781 0.8807947019867554 0.6261737228003781 0.8807947019867554 0.8142324976348153 0.8457899716177864 0.8142324976348153
1 0.23557237464522235 0.3203198912015136 0.37842951750236514 0.3203198912015136 0.37842951750236514 0.43811494796594114 0.23557237464522235 0.43811494796594114
1 0.16745506149479653 0.4835797067171244 0.28476821192052953 0.4835797067171244 0.28476821192052953 0.6034413434247874 0.16745506149479653 0.6034413434247874
2 0.10312204351939448 0.1777258751182592 0.162724692526017 0.1777258751182592 0.162724692526017 0.27485513245033105 0.10312204351939448 0.27485513245033105
2 0.17123935666982015 0.0351318590350047 0.19394512771996214 0.0351318590350047 0.19394512771996214 0.1797924550614947 0.17123935666982015 0.1797924550614947
2 0.23084200567644259 0.4753133869441816 0.2771996215704824 0.4753133869441816 0.2771996215704824 0.5807089640491958 0.23084200567644259 0.5807089640491958
2 0.4323557237464517 0.6778382213812677 0.47682119205297957 0.6778382213812677 0.47682119205297957 0.7935666982024595 0.4323557237464517 0.7935666982024595
1 0.4162724692526021 0.5497102649006621 0.48533585619678365 0.5497102649006621 0.48533585619678365 0.6406397824030269 0.4162724692526021 0.6406397824030269
1 0.628192999053926 0.9134283349101235 0.6830652790917694 0.9134283349101235 0.6830652790917694 0.9588930936613063 0.628192999053926 0.9588930936613063
1 0.5581835383159885 0.8452311967833493 0.6423841059602647 0.8452311967833493 0.6423841059602647 0.9361607142857145 0.5581835383159885 0.9361607142857145
1 0.18826868495742655 0.6592390018921482 0.3084200567644274 0.6592390018921482 0.3084200567644274 0.7625679990539268 0.18826868495742655 0.7625679990539268
1 0.24976348155156064 0.8617638363292344 0.35383159886471083 0.8617638363292344 0.35383159886471083 0.9795588930936617 0.24976348155156064 0.9795588930936617
1 0.3330179754020811 0.84936435666982 0.42289498580889284 0.84936435666982 0.42289498580889284 0.9258278145695366 0.3330179754020811 0.9258278145695366
1 0.4569536423841046 0.7853003784295192 0.5534531693472079 0.7853003784295192 0.5534531693472079 0.8762298959318835 0.4569536423841046 0.8762298959318835
1 0.13623462630085148 0.9051620151371808 0.22516556291390727 0.9051620151371808 0.22516556291390727 0.9940249526963104 0.13623462630085148 0.9940249526963104
1 0.1854304635761591 0.9237612346263007 0.271523178807947 0.9237612346263007 0.271523178807947 0.9940249526963101 0.1854304635761591 0.9940249526963101
1 0.1570482497634817 0.6778382213812673 0.2138126773888366 0.6778382213812673 0.2138126773888366 0.7501685193945125 0.1570482497634817 0.7501685193945125
