1 0.6611570247933884 0.9033189033189025 0.7201889020070841 0.9033189033189025 0.7201889020070841 0.9740259740259731 0.6611570247933884 0.9740259740259731
1 0.7300275482093666 0.8484848484848481 0.7654466745375835 0.8484848484848481 0.7654466745375835 0.9163059163059157 0.7300275482093666 0.9163059163059157
1 0.3699330972058248 0.9451659451659452 0.43880362062180256 0.9451659451659452 0.43880362062180256 1.0000000000000002 0.3699330972058248 1.0000000000000002
1 0.8500590318772141 0.9321789321789319 0.9956709956709959 0.9321789321789319 0.9956709956709959 0.9999999999999992 0.8500590318772141 0.9999999999999992
1 0.8402203856749307 0.8080808080808083 0.8658008658008653 0.8080808080808083 0.8658008658008653 0.8658008658008657 0.8402203856749307 0.8658008658008657
1 0.7713498622589541 0.842712842712843 0.8913813459268013 0.842712842712843 0.8913813459268013 0.8701298701298698 0.7713498622589541 0.8701298701298698
1 0.8559622195985834 0.7979797979797978 0.9720582447855176 0.7979797979797978 0.9720582447855176 0.8196248196248195 0.8559622195985834 0.8196248196248195
1 0.8756395120031485 0.7186147186147188 0.9346713892168438 0.7186147186147188 0.9346713892168438 0.7662337662337666 0.8756395120031485 0.7662337662337666
1 0.7634789452971273 0.6262626262626266 0.8323494687131057 0.6262626262626266 0.8323494687131057 0.6565656565656568 0.7634789452971273 0.6565656565656568
1 0.5017709563164108 0.6854256854256852 0.533254624163715 0.6854256854256852 0.533254624163715 0.7229437229437228 0.5017709563164108 0.7229437229437228
