4 0.1482617586912066 0.1744272799463511 0.7965235173824136 0.1744272799463511 0.7965235173824136 0.6405957626348292 0.1482617586912066 0.6405957626348292
3 0.4601226993865034 0.6328777413982651 0.5194274028629859 0.6328777413982651 0.5194274028629859 0.6915347027961529 0.4601226993865034 0.6915347027961529
3 0.42842535787321057 0.6838166815595891 0.4734151329243351 0.6838166815595891 0.4734151329243351 0.7378428302155386 0.42842535787321057 0.7378428302155386
3 0.45705521472392646 0.7332120174736011 0.4938650306748469 0.7332120174736011 0.4938650306748469 0.7810637491402993 0.45705521472392646 0.7810637491402993
3 0.387525562372188 0.7332120174735999 0.44069529652351724 0.7332120174735999 0.44069529652351724 0.7826073533876107 0.387525562372188 0.7826073533876107
3 0.4079754601226993 0.7177759750004717 0.4631901840490797 0.7177759750004717 0.4631901840490797 0.777976540645673 0.4079754601226993 0.777976540645673
3 0.440695296523517 0.7810637491402982 0.506134969325153 0.7810637491402982 0.506134969325153 0.8381771062908737 0.440695296523517 0.8381771062908737
3 0.39468302658486704 0.7949561873661137 0.4498977505112476 0.7949561873661137 0.4498977505112476 0.8458951275274376 0.39468302658486704 0.8458951275274376
3 0.4335378323108385 0.8366335020435605 0.5194274028629856 0.8366335020435605 0.5194274028629856 0.9014648804306998 0.4335378323108385 0.9014648804306998
3 0.3916155419222903 0.828915480806996 0.4652351738241308 0.828915480806996 0.4652351738241308 0.8922032549468224 0.3916155419222903 0.8922032549468224
4 0.0 0.4848203594923312 0.08691206543967275 0.4848203594923312 0.08691206543967275 0.5989184479573826 0.0 0.5989184479573826
