3 0.0038053344504957436 0.40548340548340506 0.28920541823767626 0.40548340548340506 0.28920541823767626 0.6536796536796531 0.0038053344504957436 0.6536796536796531
3 0.352627659079272 0.577200577200577 0.47312991667830384 0.577200577200577 0.47312991667830384 0.6825396825396824 0.352627659079272 0.6825396825396824
3 0.131918260950519 0.6363636363636362 0.45410324442582506 0.6363636363636362 0.45410324442582506 0.8369408369408369 0.131918260950519 0.8369408369408369
3 0.4084392310198766 0.5108225108225108 0.8435158031932225 0.5108225108225108 0.8435158031932225 0.81962481962482 0.4084392310198766 0.81962481962482
3 0.9044011544011532 0.8326118326118332 0.999999999999998 0.8326118326118332 0.999999999999998 0.933621933621934 0.9044011544011532 0.933621933621934
3 0.46044546850998436 0.7734487734487739 0.7280873248615177 0.7734487734487739 0.7280873248615177 0.9422799422799427 0.46044546850998436 0.9422799422799427
3 0.46932458222780804 0.8008658008658012 0.5213308197179167 0.8008658008658012 0.5213308197179167 0.8571428571428574 0.46932458222780804 0.8571428571428574
3 0.08498580272773816 0.8311688311688314 0.21056183959409766 0.8311688311688314 0.21056183959409766 0.9725829725829728 0.08498580272773816 0.9725829725829728
3 0.19153516734161913 0.8860028860028863 0.27017874598519764 0.8860028860028863 0.27017874598519764 0.9408369408369412 0.19153516734161913 0.9408369408369412
3 0.23719918074756777 0.8513708513708496 0.29174230787134003 0.8513708513708496 0.29174230787134003 0.8975468975468962 0.23719918074756777 0.8975468975468962
3 0.40082856211888473 0.8961038961038957 0.471861471861472 0.8961038961038957 0.471861471861472 0.9595959595959593 0.40082856211888473 0.9595959595959593
3 0.8003886794209372 0.4473304473304467 1.0 0.4473304473304467 1.0 0.6493506493506485 0.8003886794209372 0.6493506493506485
3 0.5238677093515802 0.4978354978354978 0.5809477261090163 0.4978354978354978 0.5809477261090163 0.5454545454545454 0.5238677093515802 0.5454545454545454
3 0.17504538472280415 0.510822510822511 0.27778941488618897 0.510822510822511 0.27778941488618897 0.6147186147186147 0.17504538472280415 0.6147186147186147
3 0.011416003351487212 0.45021645021645024 0.1255760368663595 0.45021645021645024 0.1255760368663595 0.5425685425685427 0.011416003351487212 0.5425685425685427
3 0.901864264767491 0.11255411255411248 1.0 0.11255411255411248 1.0 0.22077922077922074 0.901864264767491 0.22077922077922074
3 0.8041940138714331 0.4098124098124098 0.8460526928268863 0.4098124098124098 0.8460526928268863 0.5007215007215007 0.8041940138714331 0.5007215007215007
