4 0.5242821444912034 0.5108225108225104 0.9999999999999994 0.5108225108225104 0.9999999999999994 0.8556998556998554 0.5242821444912034 0.8556998556998554
3 0.8453373958600432 0.806637806637805 0.8874961662418097 0.806637806637805 0.8874961662418097 0.8441558441558432 0.8453373958600432 0.8441558441558432
3 0.9015490897024001 0.6580086580086583 0.9674897305559335 0.6580086580086583 0.9674897305559335 0.7099567099567102 0.9015490897024001 0.7099567099567102
3 0.05945467617941484 0.6897546897546902 0.14377221694294867 0.6897546897546902 0.14377221694294867 0.7344877344877347 0.05945467617941484 0.7344877344877347
3 0.06810262907823883 0.759018759018759 0.13620525815647766 0.759018759018759 0.13620525815647766 0.7965367965367967 0.06810262907823883 0.7965367965367967
3 0.07242660552765079 0.7907647907647909 0.13944824049353666 0.7907647907647909 0.13944824049353666 0.8225108225108227 0.07242660552765079 0.8225108225108227
3 0.2691675339758963 0.70995670995671 0.3351081748294292 0.70995670995671 0.3351081748294292 0.7445887445887447 0.2691675339758963 0.7445887445887447
3 0.25403361640295435 0.7489177489177489 0.30808332202060423 0.7489177489177489 0.30808332202060423 0.7806637806637798 0.25403361640295435 0.7806637806637798
3 0.2832204574364854 0.7806637806637806 0.32646022193060525 0.7806637806637806 0.32646022193060525 0.8037518037518038 0.2832204574364854 0.8037518037518038
1 0.1372862522688306 0.2698412698412699 0.2648435575264842 0.2698412698412699 0.2648435575264842 0.428571428571429 0.1372862522688306 0.428571428571429
1 0.2670055457511903 0.4256854256854251 0.31889326314413413 0.4256854256854251 0.31889326314413413 0.5007215007215003 0.2670055457511903 0.5007215007215003
1 0.20971285779648144 0.3997113997113997 0.25727659874001335 0.3997113997113997 0.25727659874001335 0.43722943722943725 0.20971285779648144 0.43722943722943725
1 0.372942968761784 0.4199134199134199 0.44104559784002273 0.4199134199134199 0.44104559784002273 0.5468975468975464 0.372942968761784 0.5468975468975464
1 0.35024209240237114 0.3405483405483405 0.4269926743794341 0.3405483405483405 0.4269926743794341 0.4343434343434343 0.35024209240237114 0.4343434343434343
1 0.5167151857047328 0.21789321789321783 0.5545499796370877 0.21789321789321783 0.5545499796370877 0.35209235209235185 0.5167151857047328 0.35209235209235185
1 0.3167312749194282 0.8585858585858586 0.3686189923123721 0.8585858585858586 0.3686189923123721 0.9033189033189033 0.3167312749194282 0.9033189033189033
1 0.20971285779648136 0.7893217893217893 0.29403039856001517 0.7893217893217893 0.29403039856001517 0.8383838383838379 0.20971285779648136 0.8383838383838379
1 0.0075669587864709755 0.8023088023088022 0.07999356431412179 0.8023088023088022 0.07999356431412179 0.8542568542568546 0.0075669587864709755 0.8542568542568546
1 0.047563740943531864 0.9321789321789321 0.1199903464711827 0.9321789321789321 0.1199903464711827 0.9898989898989902 0.047563740943531864 0.9898989898989902
1 0.2843014515488383 0.9033189033189032 0.33618916894178225 0.9033189033189032 0.33618916894178225 0.9422799422799422 0.2843014515488383 0.9422799422799422
1 0.5350920856147336 0.4357864357864358 0.6226526087153265 0.4357864357864358 0.6226526087153265 0.5295815295815294 0.5350920856147336 0.5295815295815294
1 0.6258955910523852 0.3463203463203462 0.6767023143329761 0.3463203463203462 0.6767023143329761 0.5050505050505049 0.6258955910523852 0.5050505050505049
