0 0.4613779377894999 0.5829725829725829 0.5941647589094048 0.5829725829725829 0.5941647589094048 0.7489177489177489 0.4613779377894999 0.7489177489177489
0 0.41298951992377186 0.5685425685425678 0.5514029012606222 0.5685425685425678 0.5514029012606222 0.7243867243867236 0.41298951992377186 0.7243867243867236
0 0.3814807827088793 0.5685425685425685 0.5063904195250611 0.5685425685425685 0.5063904195250611 0.7027417027417028 0.3814807827088793 0.7027417027417028
0 0.470380434136612 0.46753246753246713 0.5941647589094048 0.46753246753246713 0.5941647589094048 0.6176046176046175 0.470380434136612 0.6176046176046175
0 0.4107388958369942 0.46031746031746057 0.5525282133040111 0.46031746031746057 0.5525282133040111 0.6132756132756136 0.4107388958369942 0.6132756132756136
0 0.3612251659278764 0.49783549783549713 0.48500949070066923 0.49783549783549713 0.48500949070066923 0.627705627705627 0.3612251659278764 0.627705627705627
0 0.38148078270887914 0.3910533910533907 0.4861348027440583 0.3910533910533907 0.4861348027440583 0.5064935064935059 0.38148078270887914 0.5064935064935059
0 0.398360463359714 0.40836940836940816 0.5041397954382826 0.40836940836940816 0.5041397954382826 0.5252525252525249 0.398360463359714 0.5252525252525249
0 0.6042925672999055 0.11243386977334723 0.681939098293748 0.11243386977334723 0.681939098293748 0.24963924963924938 0.6042925672999055 0.24963924963924938
0 0.6515556731222444 0.10678210678210678 0.7292022041160867 0.10678210678210678 0.7292022041160867 0.23809523809523814 0.6515556731222444 0.23809523809523814
