3 0.002657028786784972 0.7036328871892922 0.11868061914306209 0.7036328871892922 0.11868061914306209 0.9999999999999996 0.002657028786784972 0.9999999999999996
3 0.07351112976771751 0.5793499043977043 0.17713525245233128 0.5793499043977043 0.17713525245233128 0.8126195028680673 0.07351112976771751 0.8126195028680673
3 0.003542705049046629 0.2523900573613767 0.24533232464647897 0.2523900573613767 0.24533232464647897 0.5105162523900574 0.003542705049046629 0.5105162523900574
3 0.3560418574291865 0.01720841300191204 0.6492007002377947 0.01720841300191204 0.6492007002377947 0.44168260038240925 0.3560418574291865 0.44168260038240925
3 0.7272117112234097 0.21797323135755256 1.0 0.21797323135755256 1.0 0.4149139579349905 0.7272117112234097 0.4149139579349905
3 0.5978314770266187 0.4627151051625238 0.8325356865259574 0.4627151051625238 0.8325356865259574 0.6347992351816442 0.5978314770266187 0.6347992351816442
3 0.7714240244299045 0.6405353728489477 0.998157147568889 0.6405353728489477 0.998157147568889 0.8336520076481823 0.7714240244299045 0.8336520076481823
3 0.9033897875068904 0.5525812619502861 0.9990428238311497 0.5525812619502861 0.9990428238311497 0.7476099426386235 0.9033897875068904 0.7476099426386235
3 0.21787636051636775 0.5602294455066923 0.4330956922459502 0.5602294455066923 0.4330956922459502 0.8145315487571704 0.21787636051636775 0.8145315487571704
3 0.2329328569748159 0.7954110898661578 0.3914689079196525 0.7954110898661578 0.3914689079196525 0.9942638623326961 0.2329328569748159 0.9942638623326961
3 0.5526619876512736 0.8776290630975155 0.5925174194530488 0.8776290630975155 0.5925174194530488 0.9961759082217987 0.5526619876512736 0.9961759082217987
3 0.9202176364898615 0.889101338432122 0.9999999999999996 0.889101338432122 0.9999999999999996 0.9982472815431552 0.9202176364898615 0.9982472815431552
3 0.09476736006199729 0.0 0.3374426559216914 0.0 0.3374426559216914 0.1510516252390057 0.09476736006199729 0.1510516252390057
3 0.7652242905940715 0.0 0.9671584783897293 0.0 0.9671584783897293 0.13001912045889105 0.7652242905940715 0.13001912045889105
