2 0.19807923169267685 0.1108877285854101 0.4837935174069623 0.1108877285854101 0.4837935174069623 0.6431488257953792 0.19807923169267685 0.6431488257953792
2 0.4705882352941173 0.2883080943220654 0.6470588235294109 0.2883080943220654 0.6470588235294109 0.5278255880665511 0.4705882352941173 0.5278255880665511
2 0.5822328931572622 0.12197650144395103 0.7899159663865539 0.12197650144395103 0.7899159663865539 0.505648042349469 0.5822328931572622 0.505648042349469
2 0.5762304921968786 0.5366966063533846 0.83313325330132 0.5366966063533846 0.83313325330132 0.9469812021194018 0.5762304921968786 0.9469812021194018
2 0.764705882352941 0.7362945178071226 0.9219687875150053 0.7362945178071226 0.9219687875150053 0.9999999999999993 0.764705882352941 0.9999999999999993
1 0.7286914765906367 0.6963749355163749 0.942376950780312 0.6963749355163749 0.942376950780312 0.8871018286832801 0.7286914765906367 0.8871018286832801
3 0.1992797118847538 0.6830684080861259 0.29051620648259296 0.6830684080861259 0.29051620648259296 0.8560532646793656 0.1992797118847538 0.8560532646793656
3 0.3361344537815122 0.7185524812334573 0.40696278511404504 0.7185524812334573 0.40696278511404504 0.7784318546695781 0.3361344537815122 0.7784318546695781
3 0.007202881152460985 0.20403342059715426 0.05042016806722687 0.20403342059715426 0.05042016806722687 0.28830809432206583 0.007202881152460985 0.28830809432206583
3 0.20528211284513798 0.4923415149192208 0.26650660264105624 0.4923415149192208 0.26650660264105624 0.5477853792119259 0.20528211284513798 0.5477853792119259
3 0.07082833133253301 0.2018156660254463 0.12244897959183673 0.2018156660254463 0.12244897959183673 0.25282402117473496 0.07082833133253301 0.25282402117473496
3 0.04081632653061225 0.33931644947135475 0.10084033613445373 0.33931644947135475 0.10084033613445373 0.38145378633381055 0.04081632653061225 0.38145378633381055
3 0.5522208883553418 0.8713702348409238 0.6122448979591834 0.8713702348409238 0.6122448979591834 0.9977822454282917 0.5522208883553418 0.9977822454282917
3 0.21368547418967573 0.41028459576601656 0.24849939975990412 0.41028459576601656 0.24849939975990412 0.4723817237738461 0.21368547418967573 0.4723817237738461
3 0.4802749360613811 0.9117647058823529 0.5227301790281331 0.9117647058823529 0.5227301790281331 0.977124183006536 0.4802749360613811 0.977124183006536
3 0.42897485080988923 0.7222222222222221 0.46081628303495314 0.7222222222222221 0.46081628303495314 0.7794117647058824 0.42897485080988923 0.7794117647058824
3 0.44843350383631736 0.8594771241830058 0.47408354646206335 0.8594771241830058 0.47408354646206335 0.9330065359477117 0.44843350383631736 0.9330065359477117
3 0.17070545609548174 0.4035947712418306 0.2078537936913897 0.4035947712418306 0.2078537936913897 0.45424836601307206 0.17070545609548174 0.45424836601307206
3 0.29895566922421074 0.5522875816993468 0.32991261722080084 0.5522875816993468 0.32991261722080084 0.6225490196078435 0.29895566922421074 0.6225490196078435
3 0.20431585677749373 0.6062091503267973 0.23350383631713564 0.6062091503267973 0.23350383631713564 0.6519607843137254 0.20431585677749373 0.6519607843137254
3 0.14947783461210565 0.656862745098039 0.17689684569479963 0.656862745098039 0.17689684569479963 0.7124183006535945 0.14947783461210565 0.7124183006535945
