2 0.30760491993096367 0.7475149105367795 0.49144692285845337 0.7475149105367795 0.49144692285845337 0.9025844930417495 0.30760491993096367 0.9025844930417495
2 0.002403163436960654 0.8031809145129223 0.1754309308981277 0.8031809145129223 0.1754309308981277 0.9821073558648112 0.002403163436960654 0.9821073558648112
2 0.40252987569090914 0.07157057654075538 0.5491228453455089 0.07157057654075538 0.5491228453455089 0.2524850894632206 0.40252987569090914 0.2524850894632206
2 0.5959845323662426 0.0477137176938369 0.7173442859327552 0.0477137176938369 0.7173442859327552 0.2564612326043732 0.5959845323662426 0.2564612326043732
2 0.37128875101042086 0.2882703777335983 0.5118738120726192 0.2882703777335983 0.5118738120726192 0.44930417495029806 0.37128875101042086 0.44930417495029806
2 0.1477945513730802 0.23856858846918488 0.3015970113385621 0.23856858846918488 0.3015970113385621 0.39761431411530795 0.1477945513730802 0.39761431411530795
2 0.060079085924016354 0.2564612326043738 0.1670198588687655 0.2564612326043738 0.1670198588687655 0.3757455268389663 0.060079085924016354 0.3757455268389663
2 0.15620562340244232 0.43737574552683894 0.32803180914512886 0.43737574552683894 0.32803180914512886 0.5785288270377732 0.15620562340244232 0.5785288270377732
2 0.36047451554409804 0.5188866799204771 0.4385773272453193 0.5188866799204771 0.4385773272453193 0.6500994035785289 0.36047451554409804 0.6500994035785289
2 0.46020579817796514 0.4731610337972166 0.5515260087824698 0.4731610337972166 0.5515260087824698 0.5506958250497017 0.46020579817796514 0.5506958250497017
2 0.46381054333340577 0.3737574552683892 0.5767592248705563 0.3737574552683892 0.5767592248705563 0.48111332007952234 0.46381054333340577 0.48111332007952234
2 0.6116050947064858 0.6620278330019874 0.7281585213990776 0.6620278330019874 0.7281585213990776 0.8349900596421462 0.6116050947064858 0.8349900596421462
2 0.6260240753282501 0.3320079522862823 0.7882376073230937 0.3320079522862823 0.7882376073230937 0.5009940357852882 0.6260240753282501 0.5009940357852882
2 0.8338977126253472 0.5884691848906558 0.9804906822799472 0.5884691848906558 0.9804906822799472 0.8151093439363811 0.8338977126253472 0.8151093439363811
2 0.7485854106132436 0.7037773359840955 0.9023878705787259 0.7037773359840955 0.9023878705787259 0.8866799204771372 0.7485854106132436 0.8866799204771372
2 0.6632731086011404 0.3300198807157058 0.7113363773403535 0.3300198807157058 0.7113363773403535 0.5109343936381711 0.6632731086011404 0.5109343936381711
