2 0.6070757360955715 0.008354930927676467 0.6993796491861262 0.008354930927676467 0.6993796491861262 0.12385673196734578 0.6070757360955715 0.12385673196734578
2 0.48015785559605867 0.6176013984963122 0.5733493063124842 0.6176013984963122 0.5733493063124842 0.7223351156388201 0.48015785559605867 0.7223351156388201
2 0.601750510340345 0.5727155197209508 0.6727535204100016 0.5727155197209508 0.6727535204100016 0.643444783245762 0.601750510340345 0.643444783245762
2 0.8955254645035543 0.2408320524122248 0.9869418399682385 0.2408320524122248 0.9869418399682385 0.3578073728571038 0.8955254645035543 0.3578073728571038
3 0.8431607445771827 0.21498866766277488 0.886650088244848 0.21498866766277488 0.886650088244848 0.2489931212804723 0.8431607445771827 0.2489931212804723
3 0.7641690400225233 0.27397199559660906 0.8056379173924996 0.257571401110921 0.8116258732740141 0.293131201761516 0.7701569959040379 0.3095317962472041
3 0.22509093361730098 0.32945489072469664 0.29646840710248074 0.2864932007397724 0.31545636979402875 0.3605860373887869 0.244078896308849 0.4035477273737111
3 0.20147104107265312 0.26259490272755115 0.23608500848161112 0.26259490272755115 0.23608500848161112 0.3578073728571039 0.20147104107265312 0.3578073728571039
3 0.04260180604179449 0.5985589044704016 0.06922793481791606 0.5985589044704016 0.06922793481791606 0.6706483461399202 0.04260180604179449 0.6706483461399202
3 0.07306072984114105 0.5324866527871032 0.09747391910756113 0.5506739885659021 0.07496847043542199 0.6216254175225004 0.05055528116900191 0.6034380817437016
3 0.008930234088454612 0.6554095647431011 0.03773292472024921 0.6091666218492191 0.05763508785184944 0.6382808924719551 0.028832397220054845 0.6845238353658369
3 0.581476244002077 0.43367272157322245 0.7722555600404264 0.43975475668575364 0.7702435601990095 0.5879821067002415 0.5794642441606601 0.5819000715877104
3 0.10827959035622767 0.1511431181597973 0.15948655513478105 0.1511431181597973 0.15948655513478105 0.19800394353993173 0.10827959035622767 0.19800394353993173
3 0.11694416742436603 0.1512781923587013 0.15107834667866057 0.17494298995531063 0.1396945418133489 0.21350788476345287 0.10556036255905435 0.18984308716684353
2 0.18017013805175555 0.09529299092847963 0.3044254056736553 0.09529299092847963 0.3044254056736553 0.2041072425051105 0.18017013805175555 0.2041072425051105
2 0.30797555617713923 0.15786118558504272 0.4526441891940663 0.15786118558504272 0.4526441891940663 0.30067989077937146 0.30797555617713923 0.30067989077937146
2 0.3301639968239073 0.3088409596476197 0.4553068020716786 0.3088409596476197 0.4553068020716786 0.3918118264748014 0.3301639968239073 0.3918118264748014
2 0.4473189634388423 0.25987454643813546 0.4943584576099903 0.25987454643813546 0.4943584576099903 0.3197223848052828 0.4473189634388423 0.3197223848052828
2 0.4615195654527735 0.20818777693923496 0.4801578555960578 0.20818777693923496 0.4801578555960578 0.24083205241222452 0.4615195654527735 0.24083205241222452
2 0.5236471992637218 0.2489931212804722 0.6203888004836299 0.2489931212804722 0.6203888004836299 0.3319639881076533 0.5236471992637218 0.3319639881076533
2 0.48193293084780026 0.4598207337101962 0.5138842853791461 0.4598207337101962 0.5138842853791461 0.6257624673645595 0.48193293084780026 0.6257624673645595
1 0.639174949459722 0.1720747373641936 0.774250298434319 0.32595607745629435 0.7260461263515832 0.42533466148503696 0.5909707773769861 0.27145332139293626
1 0.8014272633189486 0.3187869853017561 0.8254678509704413 0.33914890575271806 0.7808194510846035 0.4629573539045865 0.7567788634331107 0.4425954334536245
2 0.39850439401595217 0.7862634884400902 0.5156593606308869 0.7862634884400902 0.5156593606308869 0.8773954241355195 0.39850439401595217 0.8773954241355195
2 0.5298599626448187 0.12657708825676137 0.5786745320677079 0.12657708825676137 0.5786745320677079 0.3170020285158664 0.5298599626448187 0.3170020285158664
2 0.639914628252788 0.8053059824660018 0.6709784451582633 0.8053059824660018 0.6709784451582633 0.9086795214638022 0.639914628252788 0.9086795214638022
2 0.18017013805175586 0.7930643791636308 0.23963515898509402 0.7930643791636308 0.23963515898509402 0.8379502579389915 0.18017013805175586 0.8379502579389915
2 0.3304949767213914 0.3694083694083694 0.3860482634067537 0.3694083694083694 0.3860482634067537 0.5569985569985565 0.3304949767213914 0.5569985569985565
3 0.8455398549738172 0.00432900432900433 0.8643714775790247 0.00432900432900433 0.8643714775790247 0.034632034632034604 0.8455398549738172 0.034632034632034604
