4 0.24902932119427054 0.4242424242424241 0.9999999999999998 0.4242424242424241 0.9999999999999998 0.792207792207792 0.24902932119427054 0.792207792207792
4 0.14572826943960968 0.11832611832611822 0.9999999999999999 0.11832611832611822 0.9999999999999999 0.4054834054834051 0.14572826943960968 0.4054834054834051
3 0.7526219484982363 0.6075036075036069 0.874369616637657 0.6075036075036069 0.874369616637657 0.6507936507936501 0.7526219484982363 0.6507936507936501
1 0.3504857113104536 0.4992784992784995 0.5183499204117762 0.4992784992784995 0.5183499204117762 0.5584415584415587 0.3504857113104536 0.5584415584415587
1 0.5847577393969147 0.5396825396825397 0.6271849570818643 0.5396825396825397 0.6271849570818643 0.5743145743145743 0.5847577393969147 0.5743145743145743
1 0.7581559334136656 0.4401154401154405 0.9038842028532758 0.4401154401154405 0.9038842028532758 0.49350649350649356 0.7581559334136656 0.49350649350649356
1 0.7876705196292826 0.4906204906204906 0.9112628494071792 0.4906204906204906 0.9112628494071792 0.5310245310245311 0.7876705196292826 0.5310245310245311
1 0.6769908213207182 0.5108225108225107 0.7489326252212849 0.5108225108225107 0.7489326252212849 0.5440115440115442 0.6769908213207182 0.5440115440115442
3 0.8264084140372797 0.47186147186147154 0.8946608946608942 0.47186147186147154 0.8946608946608942 0.49206349206349176 0.8264084140372797 0.49206349206349176
3 0.30805849362550397 0.4227994227994228 0.39106826735692723 0.4227994227994228 0.39106826735692723 0.4574314574314573 0.30805849362550397 0.4574314574314573
3 0.49621398075006323 0.0707070707070707 0.6068936790586275 0.0707070707070707 0.6068936790586275 0.10822510822510822 0.49621398075006323 0.10822510822510822
