2 0.1350649350649351 0.5642135642135642 0.22049062049062057 0.5642135642135642 0.22049062049062057 0.6363636363636365 0.1350649350649351 0.6363636363636365
2 0.06695526695526698 0.4660894660894667 0.14891774891774895 0.4660894660894667 0.14891774891774895 0.5180375180375187 0.06695526695526698 0.5180375180375187
2 0.27243867243867237 0.4285714285714285 0.34862914862914857 0.4285714285714285 0.34862914862914857 0.489177489177489 0.27243867243867237 0.489177489177489
2 0.15930735930735918 0.41847041847041877 0.22741702741702743 0.41847041847041877 0.22741702741702743 0.4704184704184707 0.15930735930735918 0.4704184704184707
2 0.0692640692640692 0.4025974025974021 0.13044733044733028 0.4025974025974021 0.13044733044733028 0.45887445887445816 0.0692640692640692 0.45887445887445816
2 0.03347763347763348 0.4098124098124098 0.07734487734487736 0.4098124098124098 0.07734487734487736 0.4531024531024531 0.03347763347763348 0.4531024531024531
2 0.17777777777777762 0.3506493506493504 0.23434343434343408 0.3506493506493504 0.23434343434343408 0.40548340548340517 0.17777777777777762 0.40548340548340517
2 0.24940550610178489 0.39124163327469247 0.29668992503241115 0.3255688292043807 0.32913443155417516 0.3620688990413666 0.2818500126235489 0.42774170311167836
2 0.008080808080808086 0.5901875901875903 0.07503607503607505 0.5901875901875903 0.07503607503607505 0.6493506493506489 0.008080808080808086 0.6493506493506489
2 0.26559052999730964 0.5466040550786314 0.32331058771736737 0.5466040550786314 0.32331058771736737 0.5999951084696847 0.26559052999730964 0.5999951084696847
2 0.1939393939393938 0.44877344877344866 0.24819624819624803 0.44877344877344866 0.24819624819624803 0.4834054834054834 0.1939393939393938 0.4834054834054834
2 0.1962481962481961 0.47619047619047594 0.24242424242424226 0.47619047619047594 0.24242424242424226 0.5079365079365077 0.1962481962481961 0.5079365079365077
2 0.34054834054834066 0.7633477633477629 0.4225108225108225 0.7633477633477629 0.4225108225108225 0.8210678210678211 0.34054834054834066 0.8210678210678211
2 0.4544336962431209 0.6536153535286424 0.531537807620959 0.6777103883342149 0.5218501506289616 0.7261486732942062 0.4447460392511234 0.7020536384886337
2 0.5494949494949488 0.6479076479076475 0.6164502164502159 0.6479076479076475 0.6164502164502159 0.7041847041847038 0.5494949494949488 0.7041847041847038
2 0.6152958152958153 0.5959595959595957 0.6603174603174609 0.5959595959595957 0.6603174603174609 0.662337662337662 0.6152958152958153 0.662337662337662
2 0.552958152958153 0.5007215007214998 0.6118326118326118 0.5007215007214998 0.6118326118326118 0.5497835497835492 0.552958152958153 0.5497835497835492
2 0.6556998556998543 0.4891774891774884 0.6787878787878772 0.4891774891774884 0.6787878787878772 0.5743145743145729 0.6556998556998543 0.5743145743145729
2 0.43103488718165883 0.4998123737373215 0.47015762414455936 0.4570921437203628 0.49825804211127006 0.49730162337667727 0.45913530514836953 0.5400218533936361
2 0.37056277056277054 0.5281385281385277 0.4248196248196245 0.5281385281385277 0.4248196248196245 0.5901875901875903 0.37056277056277054 0.5901875901875903
2 0.3324675324675321 0.5685425685425681 0.39134199134199055 0.5685425685425681 0.39134199134199055 0.6161616161616161 0.3324675324675321 0.6161616161616161
2 0.15468975468975452 0.49783549783549774 0.18701298701298685 0.49783549783549774 0.18701298701298685 0.5396825396825394 0.15468975468975452 0.5396825396825394
2 0.501543647268802 0.7291928746450105 0.5374809708707634 0.7546090739029763 0.4976882785467292 0.8425231615956111 0.46175095494476776 0.8171069623376453
2 0.6099071194387695 0.878250105690494 0.7135659660854033 0.8374584299267742 0.7300370965116862 0.902858506619371 0.6263782498650524 0.9436501823830907
2 0.6199134199134184 0.7113997113997111 0.716883116883116 0.7113997113997111 0.716883116883116 0.7821067821067813 0.6199134199134184 0.7821067821067813
2 0.6603174603174601 0.6608946608946605 0.7180375180375178 0.6608946608946605 0.7180375180375178 0.7157287157287155 0.6603174603174601 0.7157287157287155
2 0.7076479076479081 0.6594516594516594 0.7653679653679657 0.6594516594516594 0.7653679653679657 0.7041847041847041 0.7076479076479081 0.7041847041847041
2 0.8621499304759759 0.7791869424229506 0.9695548931603689 0.8280073800067645 0.95296471967517 0.8850361013621368 0.845559756990777 0.8362156637783229
2 0.9347173445420754 0.8437292819619043 0.9999999999999997 0.8771124580483426 0.9840553157671017 0.925832326537753 0.9187726603091775 0.8924491504513148
2 0.9635950582390851 0.708478464463284 0.994896787041141 0.7178264342931495 0.9820533837364245 0.7850236329992099 0.9507516549343686 0.7756756631693443
4 0.5414141414141415 0.2712842712842712 0.7942279942279942 0.2712842712842712 0.7942279942279942 0.43867243867243844 0.5414141414141415 0.43867243867243844
4 0.4432900432900433 0.25685425685425683 0.5310245310245311 0.25685425685425683 0.5310245310245311 0.3492063492063492 0.4432900432900433 0.3492063492063492
4 0.8935064935064935 0.2972582972582973 0.9985569985569984 0.2972582972582973 0.9985569985569984 0.3823953823953824 0.8935064935064935 0.3823953823953824
4 0.73997113997114 0.3982683982683983 0.9999999999999991 0.3982683982683983 0.9999999999999991 0.5497835497835485 0.73997113997114 0.5497835497835485
1 0.61183261183261 0.40981240981240996 0.6776334776334754 0.40981240981240996 0.6776334776334754 0.45887445887445844 0.61183261183261 0.45887445887445844
1 0.5852813852813854 0.47186147186147176 0.6314574314574315 0.47186147186147176 0.6314574314574315 0.5079365079365079 0.5852813852813854 0.5079365079365079
1 0.7346687211093991 0.6055469953775039 0.8184899845916794 0.6055469953775039 0.8184899845916794 0.6610169491525424 0.7346687211093991 0.6610169491525424
1 0.7457627118644069 0.6918335901386747 0.8406779661016952 0.6918335901386747 0.8406779661016952 0.7503852080123267 0.7457627118644069 0.7503852080123267
1 0.7223420647149456 0.7272727272727275 0.7556240369799693 0.7272727272727275 0.7556240369799693 0.8027734976887522 0.7223420647149456 0.8027734976887522
1 0.3919876733436055 0.8536209553158706 0.4425269645608629 0.8536209553158706 0.4425269645608629 0.9275808936825884 0.3919876733436055 0.9275808936825884
1 0.2268104776579353 0.7195685670261941 0.2600924499229584 0.7195685670261941 0.2600924499229584 0.7642526964560863 0.2268104776579353 0.7642526964560863
1 0.3069337442218798 0.6471494607087827 0.34514637904468415 0.6471494607087827 0.34514637904468415 0.7149460708782741 0.3069337442218798 0.7149460708782741
1 0.3439137134052388 0.6563944530046225 0.3821263482280431 0.6563944530046225 0.3821263482280431 0.6995377503852079 0.3439137134052388 0.6995377503852079
1 0.8468412942989214 0.6456086286594761 0.8801232665639447 0.6456086286594761 0.8801232665639447 0.699537750385208 0.8468412942989214 0.699537750385208
1 0.9516178736517718 0.6194144838212635 0.9999999999999998 0.6194144838212635 0.9999999999999998 0.6733436055469952 0.9516178736517718 0.6733436055469952
2 0.1350649350649351 0.5642135642135642 0.22049062049062057 0.5642135642135642 0.22049062049062057 0.6363636363636365 0.1350649350649351 0.6363636363636365
2 0.15468975468975452 0.49783549783549774 0.18701298701298685 0.49783549783549774 0.18701298701298685 0.5396825396825394 0.15468975468975452 0.5396825396825394
2 0.501543647268802 0.7291928746450105 0.5374809708707634 0.7546090739029763 0.4976882785467292 0.8425231615956111 0.46175095494476776 0.8171069623376453
2 0.6099071194387695 0.878250105690494 0.7135659660854033 0.8374584299267742 0.7300370965116862 0.902858506619371 0.6263782498650524 0.9436501823830907
2 0.6199134199134184 0.7113997113997111 0.716883116883116 0.7113997113997111 0.716883116883116 0.7821067821067813 0.6199134199134184 0.7821067821067813
2 0.6603174603174601 0.6608946608946605 0.7180375180375178 0.6608946608946605 0.7180375180375178 0.7157287157287155 0.6603174603174601 0.7157287157287155
2 0.7076479076479081 0.6594516594516594 0.7653679653679657 0.6594516594516594 0.7653679653679657 0.7041847041847041 0.7076479076479081 0.7041847041847041
