3 0.3634340177208328 0.17262830482115082 0.48173936203099976 0.17262830482115082 0.48173936203099976 0.2737169517884914 0.3634340177208328 0.2737169517884914
3 0.12871621460946156 0.2363919129082427 0.23755713137481507 0.2363919129082427 0.23755713137481507 0.3157076205287714 0.12871621460946156 0.3157076205287714
3 0.15900238275286416 0.11197511664074652 0.29623658215265775 0.11197511664074652 0.29623658215265775 0.1881804043545878 0.15900238275286416 0.1881804043545878
3 0.05300079425095478 0.004665629860031104 0.11925178706464823 0.004665629860031104 0.11925178706464823 0.038880248833592534 0.05300079425095478 0.038880248833592534
3 0.4050774989180114 0.04199066874027992 0.565026324425357 0.04199066874027992 0.565026324425357 0.1430793157076204 0.4050774989180114 0.1430793157076204
3 0.7117249513699645 0.10886469673405912 0.7514755470581805 0.10886469673405912 0.7514755470581805 0.19751166407464996 0.7117249513699645 0.19751166407464996
3 0.7467433332857738 0.015552099533437008 0.8300302956801313 0.015552099533437008 0.8300302956801313 0.06687402799377913 0.7467433332857738 0.06687402799377913
3 0.5044539881385514 0.017107309486780707 0.5527225686170993 0.017107309486780707 0.5527225686170993 0.06842923794712286 0.5044539881385514 0.06842923794712286
3 0.4457745373607089 0.00012959291923843314 0.4987753316116636 0.00012959291923843314 0.4987753316116636 0.04354587869362364 0.4457745373607089 0.04354587869362364
3 0.4117025981993809 0.0 0.45429252215104093 0.0 0.45429252215104093 0.027993779160186617 0.4117025981993809 0.027993779160186617
3 0.2479680016741097 0.0 0.2924508111347324 0.0 0.2924508111347324 0.021772939346811824 0.2479680016741097 0.021772939346811824
3 0.9398176551999659 0.3779160186625195 0.9587465102895922 0.3779160186625195 0.9587465102895922 0.44479004665629845 0.9398176551999659 0.44479004665629845
