1 0.31041705791427704 0.6204906204906201 0.9011263115823732 0.6204906204906201 0.9011263115823732 0.9581529581529573 0.31041705791427704 0.9581529581529573
2 0.45842181548521965 0.1095478668873444 0.5933288068994409 0.1095478668873444 0.5933288068994409 0.21645021645021642 0.45842181548521965 0.21645021645021642
2 0.846115693724147 0.16883116883116872 0.9600662592876159 0.16883116883116872 0.9600662592876159 0.2380952380952378 0.846115693724147 0.2380952380952378
2 0.9207729608174547 0.29004329004329005 0.9836422383697134 0.29004329004329005 0.9836422383697134 0.37373737373737376 0.9207729608174547 0.37373737373737376
2 0.5134324333434458 0.2308802308802308 0.6692958506084203 0.2308802308802308 0.6692958506084203 0.3116883116883115 0.5134324333434458 0.3116883116883115
2 0.644410094910651 0.2914862914862913 0.778007309709201 0.2914862914862913 0.778007309709201 0.3578643578643576 0.644410094910651 0.3578643578643576
2 0.259335769903067 0.2510822510822511 0.3981720911643048 0.2510822510822511 0.3981720911643048 0.3391053391053392 0.259335769903067 0.3391053391053392
2 0.21611314158588926 0.12842712842712842 0.2986290683732287 0.12842712842712842 0.2986290683732287 0.20202020202020207 0.21611314158588926 0.20202020202020207
2 0.5501061785822633 0.3304473304473302 0.6221438924442261 0.3304473304473302 0.6221438924442261 0.38672438672438664 0.5501061785822633 0.38672438672438664
2 0.4689000284105957 0.34920634920634924 0.5239106462688221 0.34920634920634924 0.5239106462688221 0.4112554112554112 0.4689000284105957 0.4112554112554112
2 0.0654888307836027 0.2683982683982679 0.2003958221978241 0.2683982683982679 0.2003958221978241 0.3506493506493501 0.0654888307836027 0.3506493506493501
2 0.018336872619408775 0.37373737373737365 0.08120615017166737 0.37373737373737365 0.08120615017166737 0.48773448773448763 0.018336872619408775 0.48773448773448763
2 0.0013097766156720562 0.10521886255833994 0.1977762689664803 0.10521886255833994 0.1977762689664803 0.23953823953823936 0.0013097766156720562 0.23953823953823936
2 0.02095642585075288 0.04617604617604618 0.1087114591007806 0.04617604617604618 0.1087114591007806 0.1240981240981241 0.02095642585075288 0.1240981240981241
