3 0.24446755501443007 0.5425685425685421 0.4552486359126985 0.5425685425685421 0.4552486359126985 0.7171717171717165 0.24446755501443007 0.7171717171717165
3 0.08469742063492054 0.6551226551226553 0.3368647411616158 0.6551226551226553 0.3368647411616158 0.7965367965367974 0.08469742063492054 0.7965367965367974
3 0.025024237914862902 0.2626262626262623 0.3821008635461754 0.2626262626262623 0.3821008635461754 0.4660894660894658 0.025024237914862902 0.4660894660894658
3 0.5466833513708501 0.5714285714285714 0.8604487959956696 0.5714285714285714 0.8604487959956696 0.7676767676767678 0.5466833513708501 0.7676767676767678
3 0.0 0.8874458874458876 0.21751837572150062 0.8874458874458876 0.21751837572150062 1.0 0.0 1.0
3 0.0 0.5568783142177915 0.3541892135642135 0.5568783142177915 0.3541892135642135 0.9119769119769117 0.0 0.9119769119769117
3 0.2531297912157285 0.6435786435786433 0.6621798340548339 0.6435786435786433 0.6621798340548339 0.8629148629148627 0.2531297912157285 0.8629148629148627
3 0.7959632598304474 0.7344877344877344 0.9990445752164501 0.7344877344877344 0.9990445752164501 0.9610389610389608 0.7959632598304474 0.9610389610389608
3 0.3243526222041848 0.18037518037518022 0.6544800685425682 0.18037518037518022 0.6544800685425682 0.4184704184704184 0.3243526222041848 0.4184704184704184
3 0.08565989132395382 0.11099086833034591 0.4667982841810968 0.11099086833034591 0.4667982841810968 0.15440115440115443 0.08565989132395382 0.15440115440115443
3 0.4667982841810967 0.11111111111111105 0.8421618529040406 0.11111111111111105 0.8421618529040406 0.37518037518037517 0.4667982841810967 0.37518037518037517
3 0.7930758477633478 0.1111111111111111 1.0000000000000002 0.1111111111111111 1.0000000000000002 0.24963924963924963 0.7930758477633478 0.24963924963924963
3 0.0 0.3030303030303031 0.3214652101370848 0.3030303030303031 0.3214652101370848 0.5526695526695523 0.0 0.5526695526695523
3 0.40423768939393917 0.3506493506493504 0.7776763167388161 0.3506493506493504 0.7776763167388161 0.6132756132756132 0.40423768939393917 0.6132756132756132
3 0.6323432426948038 0.47474747474747503 0.9999999999999993 0.47474747474747503 0.9999999999999993 0.6738816738816734 0.6323432426948038 0.6738816738816734
