2 0.004025698293214222 0.7936507936507929 0.2589865901967813 0.7936507936507929 0.2589865901967813 0.9437229437229431 0.004025698293214222 0.9437229437229431
3 0.23885809873071018 0.3924963924963927 0.37438994126892217 0.3924963924963927 0.37438994126892217 0.4545454545454548 0.23885809873071018 0.4545454545454548
3 0.5152893815314197 0.3362193362193359 0.6266670343103464 0.3362193362193359 0.6266670343103464 0.38672438672438647 0.5152893815314197 0.38672438672438647
3 0.6602145200871316 0.2987012987012987 0.7850111671767723 0.2987012987012987 0.7850111671767723 0.35353535353535354 0.6602145200871316 0.35353535353535354
3 0.8604424591685728 0.23953823953823947 0.9946324022757135 0.23953823953823947 0.9946324022757135 0.3073593073593073 0.8604424591685728 0.3073593073593073
3 0.5958033473957041 0.2092352092352092 0.6830268104153455 0.2092352092352092 0.6830268104153455 0.30880230880230874 0.5958033473957041 0.30880230880230874
3 0.35560334923392234 0.15440115440115434 0.4696648008749919 0.15440115440115434 0.4696648008749919 0.2438672438672438 0.35560334923392234 0.2438672438672438
3 0.2871664782492808 0.2770562770562771 0.3462100532164227 0.2770562770562771 0.3462100532164227 0.34632034632034636 0.2871664782492808 0.34632034632034636
3 0.22275530555785344 0.216450216450216 0.2710636850764239 0.216450216450216 0.2710636850764239 0.33910533910533863 0.22275530555785344 0.33910533910533863
3 0.13150614424499774 0.26262626262626265 0.2160458084024963 0.26262626262626265 0.2160458084024963 0.33910533910533913 0.13150614424499774 0.33910533910533913
3 0.10601005505464102 0.40404040404040403 0.20933631124713925 0.40404040404040403 0.20933631124713925 0.4372294372294372 0.10601005505464102 0.4372294372294372
3 0.09795865846821261 0.36652236652236636 0.18518212148785393 0.36652236652236636 0.18518212148785393 0.4069264069264068 0.09795865846821261 0.4069264069264068
3 0.06575307212249888 0.45598845598845594 0.13687374196928337 0.45598845598845594 0.13687374196928337 0.49350649350649345 0.06575307212249888 0.49350649350649345
3 0.01207709487964266 0.38672438672438614 0.07783016700214156 0.38672438672438614 0.07783016700214156 0.46753246753246674 0.01207709487964266 0.46753246753246674
3 0.01610279317285686 0.3376623376623376 0.1127195522099981 0.3376623376623376 0.1127195522099981 0.3867243867243866 0.01610279317285686 0.3867243867243866
3 0.006709497155356954 0.3910533910533913 0.13016424481392613 0.3910533910533913 0.13016424481392613 0.43290043290043295 0.006709497155356954 0.43290043290043295
3 0.7796435694524867 0.09235209235209235 0.9124916131285561 0.09235209235209235 0.9124916131285561 0.17460317460317457 0.7796435694524867 0.17460317460317457
3 0.47100670030606334 0.08658008658008659 0.5850681519471327 0.08658008658008659 0.5850681519471327 0.1717171717171717 0.47100670030606334 0.1717171717171717
