2 0.5063719349433635 0.4848484848484846 0.7152503581075008 0.4848484848484846 0.7152503581075008 0.7229437229437224 0.5063719349433635 0.7229437229437224
2 0.653219796076939 0.27128427128427074 0.8241203241203244 0.27128427128427074 0.8241203241203244 0.4155844155844149 0.653219796076939 0.4155844155844149
2 0.8013335870478726 0.34487734487734495 0.8899486756629612 0.34487734487734495 0.8899486756629612 0.4098124098124099 0.8013335870478726 0.4098124098124099
2 0.20887842316413768 0.585858585858586 0.4658621801478948 0.585858585858586 0.4658621801478948 0.823953823953824 0.20887842316413768 0.823953823953824
2 0.3342054770626206 0.4675324675324672 0.4848511277082715 0.4675324675324672 0.4848511277082715 0.598845598845599 0.3342054770626206 0.598845598845599
2 0.8798212369640936 0.7979797979797977 0.9848934134648418 0.7979797979797977 0.9848934134648418 0.9841269841269839 0.8798212369640936 0.9841269841269839
2 0.6519538662395806 0.41558441558441517 0.7431008145293856 0.41558441558441517 0.7431008145293856 0.48773448773448724 0.6519538662395806 0.48773448773448724
2 0.7671534814391957 0.6161616161616161 0.8253862539576825 0.6161616161616161 0.8253862539576825 0.6940836940836942 0.7671534814391957 0.6940836940836942
2 0.8114610257467398 0.6132756132756133 0.8836190264761692 0.6132756132756133 0.8836190264761692 0.6608946608946608 0.8114610257467398 0.6608946608946608
2 0.26837712551998266 0.8152958152958156 0.3759811616954474 0.8152958152958156 0.3759811616954474 0.9004329004329018 0.26837712551998266 0.9004329004329018
1 0.7456326742041025 0.9278499278499281 0.8114610257467396 0.9278499278499281 0.8114610257467396 0.9725829725829729 0.7456326742041025 0.9725829725829729
2 0.5291586720158149 0.7994227994227995 0.5570091284376999 0.7994227994227995 0.5570091284376999 0.8398268398268398 0.5291586720158149 0.8398268398268398
