4 0.02671236171236171 0.5598845598845589 0.857558922558923 0.5598845598845589 0.857558922558923 0.9480519480519479 0.02671236171236171 0.9480519480519479
3 0.6217532467532461 0.24963924963924963 0.6843891293891287 0.24963924963924963 0.6843891293891287 0.2842712842712843 0.6217532467532461 0.2842712842712843
3 0.7801851851851849 0.44733044733044736 0.827162097162097 0.44733044733044736 0.827162097162097 0.5007215007215009 0.7801851851851849 0.5007215007215009
3 0.7000481000480999 0.5454545454545455 0.7516305916305916 0.5454545454545455 0.7516305916305916 0.5772005772005773 0.7000481000480999 0.5772005772005773
3 0.384105339105339 0.7258297258297263 0.44950456950456935 0.7258297258297263 0.44950456950456935 0.7806637806637811 0.384105339105339 0.7806637806637811
3 0.46976911976911945 0.5901875901875895 0.520430495430495 0.5901875901875895 0.520430495430495 0.6305916305916297 0.46976911976911945 0.6305916305916297
3 0.7239971139971128 0.8773448773448765 0.8041341991341975 0.8773448773448765 0.8041341991341975 0.9264069264069253 0.7239971139971128 0.9264069264069253
3 0.8483477633477627 0.8787878787878785 0.9063780663780654 0.8787878787878785 0.9063780663780654 0.939393939393939 0.8483477633477627 0.939393939393939
3 0.93493265993266 0.9134199134199134 0.9874362674362677 0.9134199134199134 0.9874362674362677 0.9595959595959594 0.93493265993266 0.9595959595959594
3 0.6410966810966812 0.20202020202020193 0.677020202020202 0.20202020202020193 0.677020202020202 0.24098124098124088 0.6410966810966812 0.24098124098124088
1 0.7138648388648389 0.6046176046176048 0.8317676767676774 0.6046176046176048 0.8317676767676774 0.7085137085137085 0.7138648388648389 0.7085137085137085
1 0.021185666185666183 0.24098124098124105 0.05434583934583932 0.24098124098124105 0.05434583934583932 0.3867243867243867 0.021185666185666183 0.3867243867243867
3 0.3334439634439633 0.8946608946608922 0.3785786435786435 0.8946608946608922 0.3785786435786435 0.9264069264069245 0.3334439634439633 0.9264069264069245
