2 0.7683982683982684 0.4213564213564214 0.8928571428571429 0.4213564213564214 0.8928571428571429 0.4963924963924965 0.7683982683982684 0.4963924963924965
2 0.6850649350649347 0.33044733044733043 0.7813852813852812 0.33044733044733043 0.7813852813852812 0.40115440115440104 0.6850649350649347 0.40115440115440104
3 0.7207792207792206 0.5598845598845599 0.7694805194805193 0.5598845598845599 0.7694805194805193 0.6392496392496392 0.7207792207792206 0.6392496392496392
3 0.11688311688311682 0.28715728715728706 0.23376623376623365 0.28715728715728706 0.23376623376623365 0.4098124098124098 0.11688311688311682 0.4098124098124098
3 0.0 0.26394902128849873 0.09415584415584406 0.26394902128849873 0.09415584415584406 0.32900432900432874 0.0 0.32900432900432874
3 0.46645021645021656 0.4083694083694082 0.5606060606060606 0.4083694083694082 0.5606060606060606 0.4617604617604617 0.46645021645021656 0.4617604617604617
3 0.5584415584415584 0.3520923520923521 0.5919913419913418 0.3520923520923521 0.5919913419913418 0.4126984126984127 0.5584415584415584 0.4126984126984127
2 0.48376623376623357 0.5036075036075025 0.6060606060606061 0.5036075036075025 0.6060606060606061 0.6002886002885993 0.48376623376623357 0.6002886002885993
2 0.9242424242424241 0.515151515151515 0.9999999999999999 0.515151515151515 0.9999999999999999 0.6652236652236653 0.9242424242424241 0.6652236652236653
2 0.861471861471861 0.5569985569985567 0.9837662337662327 0.5569985569985567 0.9837662337662327 0.6392496392496386 0.861471861471861 0.6392496392496386
