5 0.031665864999198365 0.6349206349206349 0.2988466009299344 0.6349206349206349 0.2988466009299344 0.8759018759018761 0.031665864999198365 0.8759018759018761
5 0.23947310405643732 0.6825396825396823 0.5165494227994224 0.6825396825396823 0.5165494227994224 0.8787878787878788 0.23947310405643732 0.8787878787878788
5 0.34040804874138203 0.613275613275613 0.5976932018598684 0.613275613275613 0.5976932018598684 0.8845598845598842 0.34040804874138203 0.8845598845598842
5 0.5482152877986208 0.598845598845599 0.8055004409171074 0.598845598845599 0.8055004409171074 0.7835497835497834 0.5482152877986208 0.7835497835497834
5 0.700607263107263 0.4300144300144296 0.9697671156004487 0.4300144300144296 0.9697671156004487 0.6060606060606056 0.700607263107263 0.6060606060606056
5 0.7639389931056599 0.27994227994228005 0.9999999999999994 0.27994227994228005 0.9999999999999994 0.43722943722943713 0.7639389931056599 0.43722943722943713
5 0.38988596280262944 0.41558441558441617 0.6491502324835654 0.41558441558441617 0.6491502324835654 0.5945165945165953 0.38988596280262944 0.5945165945165953
5 0.2434313371813372 0.36940836940836946 0.4512385762385762 0.36940836940836946 0.4512385762385762 0.5367965367965367 0.2434313371813372 0.5367965367965367
5 0.08906024531024531 0.43434343434343403 0.3503036315536314 0.43434343434343403 0.3503036315536314 0.6132756132756128 0.08906024531024531 0.6132756132756128
5 0.07322731281064611 0.15007215007215005 0.34634539842873174 0.15007215007215005 0.34634539842873174 0.34343434343434354 0.07322731281064611 0.34343434343434354
5 0.003958233124899791 0.24819624819624803 0.26322250280583603 0.24819624819624803 0.26322250280583603 0.47041847041847 0.003958233124899791 0.47041847041847
5 0.5996723184223186 0.0 0.8470618887285546 0.0 0.8470618887285546 0.1529581529581531 0.5996723184223186 0.1529581529581531
