1 0.26222268676997046 0.5844155844155839 0.7827832797651709 0.5844155844155839 0.7827832797651709 0.7546897546897546 0.26222268676997046 0.7546897546897546
1 0.07963800116717619 0.35930735930735935 0.39236283501877045 0.35930735930735935 0.39236283501877045 0.6623376623376622 0.07963800116717619 0.6623376623376622
1 0.3573998101161074 0.4877344877344873 0.8352278171191648 0.4877344877344873 0.8352278171191648 0.6536796536796528 0.3573998101161074 0.6536796536796528
1 0.011654341634220909 0.5209235209235207 0.5341573249017916 0.5209235209235207 0.5341573249017916 0.6594516594516595 0.011654341634220909 0.6594516594516595
1 0.8779604031113089 0.31601731601731575 1.0000000000000002 0.31601731601731575 1.0000000000000002 0.38239538239538196 0.8779604031113089 0.38239538239538196
1 0.33991829766477627 0.510822510822511 0.5225029832675706 0.510822510822511 0.5225029832675706 0.7662337662337662 0.33991829766477627 0.7662337662337662
1 0.0 0.3073593073593074 0.28164658949367183 0.3073593073593074 0.28164658949367183 0.39249639249639223 0.0 0.39249639249639223
1 0.32243678521344543 0.29581529581529586 0.6837213758742928 0.29581529581529586 0.6837213758742928 0.5223665223665221 0.32243678521344543 0.5223665223665221
1 0.011654341634220897 0.3362193362193363 0.5555236178978633 0.3362193362193363 0.5555236178978633 0.4776334776334776 0.011654341634220897 0.4776334776334776
1 0.5963138136176367 0.5108225108225108 0.9265201599205622 0.5108225108225108 0.9265201599205622 0.7575757575757575 0.5963138136176367 0.7575757575757575
