2 0.04696449026345935 0.4988213758227352 0.5120274914089347 0.4988213758227352 0.5120274914089347 0.9561275566015848 0.04696449026345935 0.9561275566015848
2 0.6116838487972508 0.10280365226166918 0.8258877434135169 0.10280365226166918 0.8258877434135169 0.39745969657793845 0.6116838487972508 0.39745969657793845
2 0.2806414662084766 0.02285363358093649 0.4604810996563574 0.02285363358093649 0.4604810996563574 0.25366754695159904 0.2806414662084766 0.25366754695159904
2 0.7411225658648334 0.715688224439509 0.8533791523482239 0.715688224439509 0.8533791523482239 0.8830528576111499 0.7411225658648334 0.8830528576111499
2 0.8579610538373427 0.13344788087056125 0.9599083619702181 0.13344788087056125 0.9599083619702181 0.2583820436606594 0.8579610538373427 0.2583820436606594
3 0.814432989690722 0.3102415074603227 0.9014891179839637 0.3102415074603227 0.9014891179839637 0.4116031867051193 0.814432989690722 0.4116031867051193
3 0.9427262313860251 0.34795748113280534 0.9839633447880866 0.34795748113280534 0.9839633447880866 0.508250369240856 0.9427262313860251 0.508250369240856
2 0.575028636884307 0.838265138875076 0.6471935853379163 0.838265138875076 0.6471935853379163 0.9655565500197045 0.575028636884307 0.9655565500197045
2 0.6525198938992043 0.0 0.6914235190097258 0.0 0.6914235190097258 0.05822465962171029 0.6525198938992043 0.05822465962171029
3 0.9513704686118472 0.17467397886513092 0.9893899204244031 0.17467397886513092 0.9893899204244031 0.2419962415527334 0.9513704686118472 0.2419962415527334
