2 0.6130558183538305 0.48600339049796143 0.7634815515610205 0.48600339049796143 0.7634815515610205 0.6203170547810343 0.6130558183538305 0.6203170547810343
2 0.744560075685904 0.2403507676644465 0.877010406811732 0.2403507676644465 0.877010406811732 0.3463878710458198 0.744560075685904 0.3463878710458198
2 0.760643330179754 0.4064755629619315 0.8826868495742666 0.4064755629619315 0.8826868495742666 0.5019089560051675 0.760643330179754 0.5019089560051675
2 0.7634815515610199 0.33931873082039465 0.859981078524123 0.33931873082039465 0.859981078524123 0.41354470318735653 0.7634815515610199 0.41354470318735653
2 0.5950804162724693 0.2898347492424206 0.6508987701040682 0.2898347492424206 0.6508987701040682 0.36582800666573817 0.5950804162724693 0.36582800666573817
2 0.29706717123935666 0.14845194473392273 0.36896877956480584 0.14845194473392273 0.36896877956480584 0.2226779171008841 0.29706717123935666 0.2226779171008841
2 0.3434247871333961 0.06538954708518023 0.40491958372753034 0.06538954708518023 0.40491958372753034 0.1378482343957855 0.3434247871333961 0.1378482343957855
2 0.4077578051087983 0.19970321136825325 0.46168401135288517 0.19970321136825325 0.46168401135288517 0.26155818834072087 0.4077578051087983 0.26155818834072087
2 0.1343424787133397 0.143150089564854 0.18353831598864712 0.143150089564854 0.18353831598864712 0.20853963665003428 0.1343424787133397 0.20853963665003428
2 0.19867549668874168 0.21030692170639056 0.23368022705771047 0.21030692170639056 0.23368022705771047 0.27216189867885837 0.19867549668874168 0.27216189867885837
2 0.2819299905392614 0.42061384341278113 0.3339640491958366 0.42061384341278113 0.3339640491958366 0.48600339049796154 0.2819299905392614 0.48600339049796154
2 0.19962157048249765 0.5354873720759351 0.24787133396404917 0.5354873720759351 0.24787133396404917 0.5779022134284844 0.19962157048249765 0.5779022134284844
2 0.09460737937559131 0.6309207651191716 0.1532639545884579 0.6309207651191716 0.1532639545884579 0.7263541581624076 0.09460737937559131 0.7263541581624076
2 0.11636707663197718 0.516047236456017 0.16745506149479644 0.516047236456017 0.16745506149479644 0.577902213428485 0.11636707663197718 0.577902213428485
2 0.14664143803216656 0.45419225948354913 0.20151371807000945 0.45419225948354913 0.20151371807000945 0.5054435261178796 0.14664143803216656 0.5054435261178796
2 0.002838221381267739 0.3675952917220944 0.06433301797540207 0.3675952917220944 0.06433301797540207 0.42945026869456215 0.002838221381267739 0.42945026869456215
2 0.23651844843897815 0.35699158138395726 0.27814569536423833 0.35699158138395726 0.27814569536423833 0.45065768937083694 0.23651844843897815 0.45065768937083694
2 0.18448438978240303 0.3357841607076823 0.22232734153263953 0.3357841607076823 0.22232734153263953 0.388802712398369 0.18448438978240303 0.388802712398369
2 0.10785241248817408 0.3552242963276008 0.12961210974456008 0.3552242963276008 0.12961210974456008 0.37996628711658803 0.10785241248817408 0.37996628711658803
2 0.24692526017029315 0.8659696776145485 0.2970671712393565 0.8659696776145485 0.2970671712393565 0.9543339304323599 0.24692526017029315 0.9543339304323599
2 0.5052034058656569 0.46479596982168675 0.5648060548722794 0.46479596982168675 0.5648060548722794 0.5407892272450041 0.5052034058656569 0.5407892272450041
