3 0.1814356411671846 0.2135642135642136 0.40772054194872964 0.2135642135642136 0.40772054194872964 0.41414141414141425 0.1814356411671846 0.41414141414141425
3 0.6778354009897637 0.3362193362193362 0.8113638784779723 0.3362193362193362 0.8113638784779723 0.46608946608946644 0.6778354009897637 0.46608946608946644
3 0.6574493738923267 0.4617604617604617 0.7685532215733555 0.4617604617604617 0.7685532215733555 0.5743145743145742 0.6574493738923267 0.5743145743145742
3 0.42097145956206355 0.5858585858585857 0.6441984562789933 0.5858585858585857 0.6441984562789933 0.9220779220779219 0.42097145956206355 0.9220779220779219
3 0.7981129608646369 0.7171717171717167 0.9071782058359219 0.7171717171717167 0.9071782058359219 0.8600288600288594 0.7981129608646369 0.8600288600288594
3 0.4525698015630898 0.6493506493506487 0.6523528671179675 0.6493506493506487 0.6523528671179675 0.8138528138528133 0.4525698015630898 0.8138528138528133
3 0.6645844833764291 0.7864357864357866 0.7889392486707919 0.7864357864357866 0.7889392486707919 0.9408369408369405 0.6645844833764291 0.9408369408369405
3 0.6095422102133511 0.845598845598845 0.704337236216431 0.845598845598845 0.704337236216431 0.9090909090909088 0.6095422102133511 0.9090909090909088
3 0.9031010004164368 0.8080808080808075 0.9581432735795151 0.8080808080808075 0.9581432735795151 0.8701298701298696 0.9031010004164368 0.8701298701298696
3 0.9031010004164368 0.6724386724386727 0.9612011776441304 0.6724386724386727 0.9612011776441304 0.822510822510823 0.9031010004164368 0.822510822510823
3 0.9132940139651543 0.9047619047619051 0.9836258074513105 0.9047619047619051 0.9836258074513105 0.9956709956709957 0.9132940139651543 0.9956709956709957
3 0.878637767899513 0.9004329004329 0.9234870275138735 0.9004329004329 0.9234870275138735 0.9538239538239534 0.878637767899513 0.9538239538239534
