1 0.7235621521335804 0.0822510822510822 0.9861567004424142 0.0822510822510822 0.9861567004424142 0.14574314574314576 0.7235621521335804 0.14574314574314576
1 0.4752390466676178 0.1919191919191919 0.6036820322534604 0.1919191919191919 0.6036820322534604 0.2438672438672439 0.4752390466676178 0.2438672438672439
4 0.5994005994005993 0.005772005772005772 0.7892107892107884 0.005772005772005772 0.7892107892107884 0.10822510822510827 0.5994005994005993 0.10822510822510827
4 0.26544883687740833 0.10966810966810964 0.3282431853860426 0.10966810966810964 0.3282431853860426 0.20202020202020177 0.26544883687740833 0.20202020202020177
1 0.7620950478093331 0.16450216450216465 0.9133723419437703 0.16450216450216465 0.9133723419437703 0.2554112554112556 0.7620950478093331 0.2554112554112556
2 0.4281432852861425 0.3088023088023087 0.5508776937348365 0.3088023088023087 0.5508776937348365 0.39393939393939387 0.4281432852861425 0.39393939393939387
2 0.5694305694305697 0.3015873015873015 0.652204937919224 0.3015873015873015 0.652204937919224 0.35353535353535326 0.5694305694305697 0.35353535353535326
2 0.23833309547595216 0.22366522366522334 0.355358926787498 0.22366522366522334 0.355358926787498 0.30158730158730124 0.23833309547595216 0.30158730158730124
2 0.27401170258313134 0.3405483405483403 0.31968031968031996 0.3405483405483403 0.31968031968031996 0.38383838383838353 0.27401170258313134 0.38383838383838353
2 0.1869559012416155 0.2611832611832612 0.23690595119166546 0.2611832611832612 0.23690595119166546 0.31168831168831174 0.1869559012416155 0.31168831168831174
4 0.7920650777793534 0.20923520923520908 0.8891108891108792 0.20923520923520908 0.8891108891108792 0.28715728715728706 0.7920650777793534 0.28715728715728706
1 0.890538033395176 0.18759018759018758 0.9918652775795629 0.18759018759018758 0.9918652775795629 0.22799422799422797 0.890538033395176 0.22799422799422797
