2 0.0024027543769687227 0.07754010695187168 0.3051498058750277 0.07754010695187168 0.3051498058750277 0.6550802139037428 0.0024027543769687227 0.6550802139037428
2 0.5754596732840087 0.27272727272727265 0.7352428393524288 0.27272727272727265 0.7352428393524288 0.5588235294117646 0.5754596732840087 0.5588235294117646
2 0.7640758918760522 0.005347593582887697 0.9430810929602217 0.005347593582887697 0.9430810929602217 0.15775401069518707 0.7640758918760522 0.15775401069518707
2 0.2823236392938247 0.8181818181818192 0.45652333162405684 0.8181818181818192 0.45652333162405684 0.9973262032085574 0.2823236392938247 0.9973262032085574
2 0.1754010695187166 0.5975514758516145 0.33998974434107365 0.5975514758516145 0.33998974434107365 0.787506842393364 0.1754010695187166 0.787506842393364
3 0.8409640319390522 0.17647058823529416 0.937074207017801 0.17647058823529416 0.937074207017801 0.2754010695187166 0.8409640319390522 0.2754010695187166
3 0.92025492637902 0.3903743315508022 0.9863306717456598 0.3903743315508022 0.9863306717456598 0.47058823529411753 0.92025492637902 0.47058823529411753
3 0.9233955344623016 0.8582677165354334 0.9959227699277314 0.8582677165354334 0.9959227699277314 0.9389763779527561 0.9233955344623016 0.9389763779527561
3 0.6615899040017258 0.0688976377952756 0.7137741343975836 0.0688976377952756 0.7137741343975836 0.1732283464566929 0.6615899040017258 0.1732283464566929
3 0.3608672203645778 0.23818897637795264 0.4307410203861505 0.23818897637795264 0.4307410203861505 0.38385826771653536 0.3608672203645778 0.38385826771653536
3 0.19281630892028911 0.8877952755905517 0.24765397476000423 0.8877952755905517 0.24765397476000423 0.9999999999999991 0.19281630892028911 0.9999999999999991
3 0.6217883723438679 0.5472440944881889 0.6739726027397261 0.5472440944881889 0.6739726027397261 0.6791338582677163 0.6217883723438679 0.6791338582677163
3 0.9499298889008738 0.6673228346456684 0.9994606838528746 0.6673228346456684 0.9994606838528746 0.7362204724409439 0.9499298889008738 0.7362204724409439
3 0.9145507496494448 0.6043307086614164 0.9685039370078743 0.6043307086614164 0.9685039370078743 0.6653543307086605 0.9145507496494448 0.6653543307086605
