2 0.395462009255112 0.29581529581529575 0.5445887445887436 0.29581529581529575 0.5445887445887436 0.4502164502164499 0.395462009255112 0.4502164502164499
2 0.08284818629646193 0.26406926406926373 0.2606956262128671 0.26406926406926373 0.2606956262128671 0.4401154401154398 0.08284818629646193 0.4401154401154398
2 0.05191819674578296 0.15440115440115448 0.1645917301089715 0.15440115440115448 0.1645917301089715 0.27994227994228005 0.05191819674578296 0.27994227994228005
2 0.49598447529482004 0.2756132756132756 0.5865651589789519 0.2756132756132756 0.5865651589789519 0.43867243867243905 0.49598447529482004 0.43867243867243905
3 0.49487983281086717 0.8874458874458875 0.590983728914763 0.8874458874458875 0.590983728914763 0.9769119769119767 0.49487983281086717 0.9769119769119767
3 0.5556351694282728 0.7113997113997111 0.6197044334975371 0.7113997113997111 0.6197044334975371 0.8008658008658005 0.5556351694282728 0.8008658008658005
3 0.3910434393193015 0.7027417027417029 0.4374384236453203 0.7027417027417029 0.4374384236453203 0.7460317460317459 0.3910434393193015 0.7460317460317459
3 0.34243917002537694 0.6738816738816742 0.38220629944767875 0.6738816738816742 0.38220629944767875 0.7200577200577203 0.34243917002537694 0.7200577200577203
3 0.5004030452306314 0.7474747474747468 0.5401701746529334 0.7474747474747468 0.5401701746529334 0.8124098124098119 0.5004030452306314 0.8124098124098119
3 0.26400955366472584 0.8427128427128426 0.34243917002537655 0.8427128427128426 0.34243917002537655 0.9119769119769114 0.26400955366472584 0.9119769119769114
3 0.3015673981191222 0.7142857142857145 0.33802060008956564 0.7142857142857145 0.33802060008956564 0.7720057720057721 0.3015673981191222 0.7720057720057721
3 0.6406926406926408 0.9076479076479075 0.6904015524705177 0.9076479076479075 0.6904015524705177 0.9595959595959594 0.6406926406926408 0.9595959595959594
3 0.8638304224511121 0.9408369408369411 0.9179579041648008 0.9408369408369411 0.9179579041648008 0.9826839826839832 0.8638304224511121 0.9826839826839832
3 0.8141215106732349 0.9393939393939391 0.8472607851918197 0.9393939393939391 0.8472607851918197 0.9971139971139967 0.8141215106732349 0.9971139971139967
