2 0.45833333333333326 0.7864357864357865 0.5851934523809523 0.7864357864357865 0.5851934523809523 0.9090909090909091 0.45833333333333326 0.9090909090909091
2 0.564732142857143 0.9350649350649346 0.6261160714285717 0.9350649350649346 0.6261160714285717 0.9999999999999997 0.564732142857143 0.9999999999999997
2 0.628844246031746 0.8412698412698413 0.6847718253968252 0.8412698412698413 0.6847718253968252 0.9148629148629148 0.628844246031746 0.9148629148629148
2 0.7584325396825397 0.7417027417027416 0.845734126984127 0.7417027417027416 0.845734126984127 0.8629148629148629 0.7584325396825397 0.8629148629148629
1 0.6812875155369434 0.5130453096459848 0.9847695090973833 0.5740247471073133 0.9628774353323529 0.6959477403266672 0.6593954417719131 0.6349683028653387
1 0.0832093253968254 0.5728715728715728 0.3232886904761906 0.5728715728715728 0.3232886904761906 0.7806637806637801 0.0832093253968254 0.7806637806637801
2 0.5592757936507936 0.56998556998557 0.6042906746031745 0.56998556998557 0.6042906746031745 0.6594516594516594 0.5592757936507936 0.6594516594516594
2 0.6329365079365079 0.7012987012987013 0.6643105158730158 0.7012987012987013 0.6643105158730158 0.7878787878787878 0.6329365079365079 0.7878787878787878
2 0.682043650793651 0.6825396825396823 0.7202380952380955 0.6825396825396823 0.7202380952380955 0.7128427128427133 0.682043650793651 0.7128427128427133
2 0.7638888888888888 0.7085137085137085 0.7952628968253966 0.7085137085137085 0.7952628968253966 0.7301587301587301 0.7638888888888888 0.7301587301587301
2 0.38603670634920634 0.43722943722943725 0.42559523809523814 0.43722943722943725 0.42559523809523814 0.48340548340548334 0.38603670634920634 0.48340548340548334
2 0.16096230158730157 0.36075036075036077 0.2741815476190476 0.36075036075036077 0.2741815476190476 0.4372294372294373 0.16096230158730157 0.4372294372294373
2 0.24417162698412676 0.46176046176046187 0.2850942460317458 0.46176046176046187 0.2850942460317458 0.5526695526695526 0.24417162698412676 0.5526695526695526
2 0.04365079365079365 0.5281385281385281 0.06138392857142857 0.5281385281385281 0.06138392857142857 0.56998556998557 0.04365079365079365 0.56998556998557
2 0.13913690476190477 0.26839826839826847 0.20734126984126988 0.26839826839826847 0.20734126984126988 0.3376623376623378 0.13913690476190477 0.3376623376623378
2 0.06547619047619048 0.23665223665223664 0.12140376984126984 0.23665223665223664 0.12140376984126984 0.27272727272727265 0.06547619047619048 0.27272727272727265
3 0.5347222222222222 0.11832611832611835 0.7857142857142858 0.11832611832611835 0.7857142857142858 0.33044733044733043 0.5347222222222222 0.33044733044733043
2 0.8539186507936507 0.3694083694083694 0.9057539682539681 0.3694083694083694 0.9057539682539681 0.42712842712842713 0.8539186507936507 0.42712842712842713
2 0.8962053571428571 0.13419913419913423 0.9685019841269841 0.13419913419913423 0.9685019841269841 0.2077922077922078 0.8962053571428571 0.2077922077922078
1 0.8921130952380927 0.32178932178932196 0.9957837301587276 0.32178932178932196 0.9957837301587276 0.38239538239538245 0.8921130952380927 0.38239538239538245
1 0.3546626984126984 0.3477633477633478 0.48697916666666663 0.3477633477633478 0.48697916666666663 0.40981240981240985 0.3546626984126984 0.40981240981240985
3 0.298735119047619 0.1774891774891775 0.33283730158730157 0.1774891774891775 0.33283730158730157 0.2294372294372294 0.298735119047619 0.2294372294372294
3 0.3369295634920635 0.30735930735930733 0.38603670634920634 0.30735930735930733 0.38603670634920634 0.3304473304473305 0.3369295634920635 0.3304473304473305
3 0.33829365079365076 0.2582972582972582 0.37375992063492075 0.2582972582972582 0.37375992063492075 0.2828282828282827 0.33829365079365076 0.2828282828282827
3 0.40104166666666663 0.2669552669552669 0.43105158730158727 0.2669552669552669 0.43105158730158727 0.2871572871572871 0.40104166666666663 0.2871572871572871
3 0.30009920634920634 0.2813852813852814 0.3205605158730159 0.2813852813852814 0.3205605158730159 0.2943722943722944 0.30009920634920634 0.2943722943722944
3 0.3246527777777778 0.3116883116883117 0.33556547619047616 0.3116883116883117 0.33556547619047616 0.33044733044733043 0.3246527777777778 0.33044733044733043
3 0.36693948412698413 0.28715728715728717 0.38603670634920634 0.28715728715728717 0.38603670634920634 0.2987012987012987 0.36693948412698413 0.2987012987012987
3 0.6411210317460317 0.6219336219336216 0.6752232142857145 0.6219336219336216 0.6752232142857145 0.6998556998556995 0.6411210317460317 0.6998556998556995
3 0.6902281746031745 0.34487734487734495 0.7188740079365078 0.34487734487734495 0.7188740079365078 0.36219336219336223 0.6902281746031745 0.36219336219336223
3 0.8375496031746031 0.6868686868686867 0.8648313492063492 0.6868686868686867 0.8648313492063492 0.7056277056277056 0.8375496031746031 0.7056277056277056
3 0.8566468253968254 0.6998556998557 0.8907490079365079 0.6998556998557 0.8907490079365079 0.7171717171717172 0.8566468253968254 0.7171717171717172
3 0.9125744047619048 0.6926406926406926 0.9507688492063492 0.6926406926406926 0.9507688492063492 0.7215007215007215 0.9125744047619048 0.7215007215007215
2 0.1636904761904762 0.5396825396825397 0.2018849206349206 0.5396825396825397 0.2018849206349206 0.56998556998557 0.1636904761904762 0.56998556998557
