0 0.218333361190504 0.22510822510822492 0.4615264615264616 0.22510822510822492 0.4615264615264616 0.46897546897546877 0.218333361190504 0.46897546897546877
2 0.08646865789722931 0.6132756132756132 0.21941421941421946 0.6132756132756132 0.21941421941421946 0.7229437229437228 0.08646865789722931 0.7229437229437228
2 0.035668321382607095 0.5194805194805191 0.09619638191066766 0.5194805194805191 0.09619638191066766 0.5959595959595956 0.035668321382607095 0.5959595959595956
2 0.49611392468535315 0.3708513708513708 0.6009571723857435 0.3708513708513708 0.6009571723857435 0.4877344877344877 0.49611392468535315 0.4877344877344877
2 0.5436716865288294 0.2121212121212121 0.5998763141620284 0.2121212121212121 0.5998763141620284 0.2842712842712843 0.5436716865288294 0.2842712842712843
2 0.48530534244819956 0.6738816738816739 0.5760974332402905 0.6738816738816739 0.5760974332402905 0.7806637806637806 0.48530534244819956 0.7806637806637806
2 0.39343239343239345 0.5800865800865801 0.46909246909246916 0.5800865800865801 0.46909246909246916 0.6637806637806639 0.39343239343239345 0.6637806637806639
2 0.22914194342765756 0.6883116883116884 0.3923515352086778 0.6883116883116884 0.3923515352086778 0.8484848484848486 0.22914194342765756 0.8484848484848486
2 0.8668482954197246 0.6522366522366522 0.9965512822655688 0.6522366522366522 0.9965512822655688 0.7994227994227995 0.8668482954197246 0.7994227994227995
2 0.9187294901580614 0.5180375180375173 0.9922278493707067 0.5180375180375173 0.9922278493707067 0.65079365079365 0.9187294901580614 0.65079365079365
1 0.6052806052806049 0.6868686868686872 0.8700908700908696 0.6868686868686872 0.8700908700908696 0.943722943722944 0.6052806052806049 0.943722943722944
2 0.7003961289675577 0.5425685425685423 0.8095628095628098 0.5425685425685423 0.8095628095628098 0.6479076479076474 0.7003961289675577 0.6479076479076474
2 0.09511552368695222 0.7561327561327557 0.15348186776758205 0.7561327561327557 0.15348186776758205 0.8210678210678207 0.09511552368695222 0.8210678210678207
2 0.8160479589051017 0.7518037518037517 0.9111634825920542 0.7518037518037517 0.9111634825920542 0.8427128427128427 0.8160479589051017 0.8427128427128427
