2 0.05142979437959926 0.49701601738140067 0.16416569261753083 0.49701601738140067 0.16416569261753083 0.6491991309299425 0.05142979437959926 0.6491991309299425
2 0.21875360123800275 0.39556060834904033 0.3208092564849722 0.39556060834904033 0.3208092564849722 0.6641190440229373 0.21875360123800275 0.6641190440229373
2 0.1914596469277665 0.17772987719132355 0.3065689324970227 0.17772987719132355 0.3065689324970227 0.3627367995444528 0.1914596469277665 0.3627367995444528
2 0.3314894994759332 0.14192208576813728 0.447785478710852 0.14192208576813728 0.447785478710852 0.31200909502827195 0.3314894994759332 0.31200909502827195
2 0.4323584610572411 0.004658885312589816 0.5071201619939742 0.004658885312589816 0.5071201619939742 0.20756970337731181 0.4323584610572411 0.20756970337731181
2 0.4513455597078396 0.31200909502827223 0.6068024299096186 0.31200909502827223 0.6068024299096186 0.5805675307021698 0.4513455597078396 0.5805675307021698
2 0.5047467746626498 0.18369784242852116 0.5984955742499821 0.18369784242852116 0.5984955742499821 0.33886493859566175 0.5047467746626498 0.33886493859566175
2 0.5901887185903456 0.14789005100533484 0.668510500524066 0.14789005100533484 0.668510500524066 0.3209610428840685 0.5901887185903456 0.3209610428840685
2 0.42286491173194174 0.7178307311577176 0.6008689615813066 0.7178307311577176 0.6008689615813066 0.9625173058828229 0.42286491173194174 0.9625173058828229
2 0.7848064797589845 0.5686316002277738 0.971117385267987 0.5686316002277738 0.971117385267987 0.8222701228086766 0.7848064797589845 0.8222701228086766
2 0.8813306334337564 0.7685584356738967 0.9999999999999998 0.7685584356738967 0.9999999999999998 0.9386454449340316 0.8813306334337564 0.9386454449340316
1 0.12144472065368277 0.7327506442507115 0.18908625959644176 0.7327506442507115 0.18908625959644176 0.9834051842130146 0.12144472065368277 0.9834051842130146
1 0.38370402076508114 0.6999268354461239 0.4774528203524135 0.6999268354461239 0.4774528203524135 0.8550939316132636 0.38370402076508114 0.8550939316132636
1 0.6008689615813062 0.2672493557492892 0.7563258317830851 0.2672493557492892 0.7563258317830851 0.48209610428840693 0.6008689615813062 0.48209610428840693
1 0.6127358982379314 0.01361083316838643 0.7456455887921243 0.01361083316838643 0.7456455887921243 0.20160173814011442 0.6127358982379314 0.20160173814011442
1 0.7717528494366978 0.1449060683867361 0.8287141453884945 0.1449060683867361 0.8287141453884945 0.2911212166980801 0.7717528494366978 0.2911212166980801
1 0.20807335824704074 0.05240260721017169 0.3196225628193096 0.05240260721017169 0.3196225628193096 0.20756970337731231 0.20807335824704074 0.20756970337731231
1 0.9200895576445022 0.06732252030316581 0.9936645649155732 0.06732252030316581 0.9936645649155732 0.22547359908890527 0.9200895576445022 0.22547359908890527
1 0.034806450745989564 0.14789005100533495 0.10483100933440889 0.14789005100533495 0.10483100933440889 0.28813723407948133 0.034806450745989564 0.28813723407948133
1 0.003954823517350141 0.12994982410813005 0.04786248914686026 0.12994982410813005 0.04786248914686026 0.3149567464612593 0.003954823517350141 0.3149567464612593
