3 0.6868686868686867 0.8672438672438674 0.9725829725829725 0.8672438672438674 0.9725829725829725 0.9942279942279942 0.6868686868686867 0.9942279942279942
3 0.7373737373737373 0.6883116883116884 0.9985569985569985 0.6883116883116884 0.9985569985569985 0.8470418470418468 0.7373737373737373 0.8470418470418468
3 0.6176046176046173 0.6796536796536796 0.8759018759018754 0.6796536796536796 0.8759018759018754 0.7633477633477642 0.6176046176046173 0.7633477633477642
3 0.36940836940836946 0.6277056277056278 0.6594516594516592 0.6277056277056278 0.6594516594516592 0.7388167388167389 0.36940836940836946 0.7388167388167389
3 0.21067821067821055 0.558441558441558 0.49062049062049023 0.558441558441558 0.49062049062049023 0.6709956709956704 0.21067821067821055 0.6709956709956704
3 0.024531024531024504 0.5108225108225106 0.3232323232323229 0.5108225108225106 0.3232323232323229 0.6291486291486287 0.024531024531024504 0.6291486291486287
3 0.48051948051948024 0.42712842712842625 0.6854256854256845 0.42712842712842625 0.6854256854256845 0.5411255411255402 0.48051948051948024 0.5411255411255402
3 0.19047619047619055 0.3535353535353534 0.4891774891774892 0.3535353535353534 0.4891774891774892 0.4430014430014428 0.19047619047619055 0.4430014430014428
3 0.027417027417027423 0.29148629148629135 0.28138528138528135 0.29148629148629135 0.28138528138528135 0.4227994227994226 0.027417027417027423 0.4227994227994226
3 0.3131313131313133 0.2251082251082252 0.5930735930735934 0.2251082251082252 0.5930735930735934 0.341991341991342 0.3131313131313133 0.341991341991342
3 0.7085137085137089 0.26118326118326124 0.9913419913419919 0.26118326118326124 0.9913419913419919 0.3722943722943722 0.7085137085137089 0.3722943722943722
3 0.44877344877344827 0.32611832611832636 0.6984126984126979 0.32611832611832636 0.6984126984126979 0.43434343434343436 0.44877344877344827 0.43434343434343436
3 0.8326118326118326 0.43578643578643594 1.0 0.43578643578643594 1.0 0.5266955266955268 0.8326118326118326 0.5266955266955268
3 0.0028860028860028864 0.36940836940836896 0.19624819624819606 0.36940836940836896 0.19624819624819606 0.4992784992784991 0.0028860028860028864 0.4992784992784991
3 0.14574314574314565 0.40548340548340556 0.5036075036075031 0.40548340548340556 0.5036075036075031 0.5468975468975477 0.14574314574314565 0.5468975468975477
