1 0.19603896103896093 0.8239538239538235 0.4160382395382395 0.8239538239538235 0.4160382395382395 0.9119769119769116 0.19603896103896093 0.9119769119769116
1 0.002178210678210678 0.7417027417027415 0.22653391053391053 0.7417027417027415 0.22653391053391053 0.8196248196248193 0.002178210678210678 0.8196248196248193
1 0.013069264069264069 0.6406926406926403 0.14376190476190479 0.6406926406926403 0.14376190476190479 0.727272727272727 0.013069264069264069 0.727272727272727
1 0.01524747474747474 0.4660894660894662 0.18296969696969695 0.4660894660894662 0.18296969696969695 0.5656565656565657 0.01524747474747474 0.5656565656565657
1 0.10019769119769124 0.5598845598845601 0.18950432900432895 0.5598845598845601 0.18950432900432895 0.6450216450216455 0.10019769119769124 0.6450216450216455
1 0.15900937950937952 0.5974025974025972 0.2657417027417028 0.5974025974025972 0.2657417027417028 0.701298701298701 0.15900937950937952 0.701298701298701
1 0.17643506493506497 0.7056277056277059 0.3005930735930736 0.7056277056277059 0.3005930735930736 0.7965367965367969 0.17643506493506497 0.7965367965367969
1 0.2853455988455987 0.8037518037518041 0.5162359307359304 0.8037518037518041 0.5162359307359304 0.8614718614718618 0.2853455988455987 0.8614718614718618
1 0.2918802308802309 0.68975468975469 0.5314834054834054 0.68975468975469 0.5314834054834054 0.8124098124098125 0.2918802308802309 0.8124098124098125
1 0.32019696969696926 0.6594516594516603 0.5249487734487731 0.6594516594516603 0.5249487734487731 0.7503607503607513 0.32019696969696926 0.7503607503607513
1 0.27663275613275623 0.597402597402597 0.5380180375180377 0.597402597402597 0.5380180375180377 0.6825396825396816 0.27663275613275623 0.6825396825396816
1 0.285345598845599 0.5627705627705636 0.5140577200577202 0.5627705627705636 0.5140577200577202 0.6320346320346331 0.285345598845599 0.6320346320346331
1 0.35287012987012967 0.5367965367965369 0.5249487734487733 0.5367965367965369 0.5249487734487733 0.5829725829725834 0.35287012987012967 0.5829725829725834
1 0.22435569985569978 0.45887445887445905 0.4704935064935063 0.45887445887445905 0.4704935064935063 0.5483405483405486 0.22435569985569978 0.5483405483405486
1 0.3093059163059163 0.42568542568542583 0.5554437229437229 0.42568542568542583 0.5554437229437229 0.5122655122655121 0.3093059163059163 0.5122655122655121
1 0.25920707070707066 0.3650793650793649 0.5358398268398269 0.3650793650793649 0.5358398268398269 0.4314574314574313 0.25920707070707066 0.4314574314574313
1 0.5685129870129869 0.19191919191919193 0.7797994227994226 0.19191919191919193 0.7797994227994226 0.26839826839826836 0.5685129870129869 0.26839826839826836
1 0.48574098124098164 0.6753246753246751 0.6926709956709955 0.6753246753246751 0.6926709956709955 0.7316017316017313 0.48574098124098164 0.7316017316017313
1 0.6033643578643578 0.6594516594516591 0.797225108225108 0.6594516594516591 0.797225108225108 0.7113997113997109 0.6033643578643578 0.7113997113997109
3 0.805937950937951 0.5988455988455988 0.9061356421356422 0.5988455988455988 0.9061356421356422 0.6277056277056277 0.805937950937951 0.6277056277056277
