1 0.5753081162917227 0.8297258297258296 0.9891262350278743 0.8297258297258296 0.9891262350278743 1.0 0.5753081162917227 1.0
1 0.7367981138472934 0.7922077922077924 0.8377293623195254 0.7922077922077924 0.8377293623195254 0.9956709956709953 0.7367981138472934 0.9956709956709953
1 0.36839905692364705 0.505050505050505 0.6976872550643042 0.505050505050505 0.6976872550643042 0.8903318903318902 0.36839905692364705 0.8903318903318902
1 0.4352660090365005 0.43290043290043273 0.8213280344427881 0.43290043290043273 0.8213280344427881 0.7965367965367963 0.4352660090365005 0.7965367965367963
1 0.6257737405278382 0.26118326118326113 0.7910486599011182 0.26118326118326113 0.7910486599011182 0.4675324675324674 0.6257737405278382 0.4675324675324674
1 0.6207271781042264 0.1587301587301588 0.9999999999999992 0.1587301587301588 0.9999999999999992 0.28571428571428586 0.6207271781042264 0.28571428571428586
1 0.7822171756597985 0.20634920634920612 0.9209976423091174 0.20634920634920612 0.9209976423091174 0.4632034632034627 0.7822171756597985 0.4632034632034627
1 0.8251129562604977 0.33766233766233744 0.9941727974514871 0.33766233766233744 0.9941727974514871 0.5526695526695524 0.8251129562604977 0.5526695526695524
1 0.010093124847223203 0.10521886255833994 0.23592679330384236 0.10521886255833994 0.23592679330384236 0.2409812409812408 0.010093124847223203 0.2409812409812408
1 0.0012616406059029008 0.7633477633477633 0.3532593696528121 0.7633477633477633 0.3532593696528121 0.9538239538239537 0.0012616406059029008 0.9538239538239537
1 0.0 0.8600288600288599 0.3141485108698224 0.8600288600288599 0.3141485108698224 0.9999999999999996 0.0 0.9999999999999996
1 0.04541906181250443 0.523809523809523 0.304055386022599 0.523809523809523 0.304055386022599 0.8354978354978343 0.04541906181250443 0.8354978354978343
1 0.0012616406059028976 0.5266955266955269 0.2548514023923857 0.5266955266955269 0.2548514023923857 0.6897546897546899 0.0012616406059028976 0.6897546897546899
1 0.0025232812118058017 0.6681096681096677 0.21321726239759028 0.6681096681096677 0.21321726239759028 0.7720057720057715 0.0025232812118058017 0.7720057720057715
1 0.12742570119619306 0.33766233766233766 0.3519977290469092 0.33766233766233766 0.3519977290469092 0.6248196248196248 0.12742570119619306 0.6248196248196248
1 0.0012616406059029017 0.3910533910533902 0.161489997555571 0.3910533910533902 0.161489997555571 0.4848484848484848 0.0012616406059029017 0.4848484848484848
1 0.1438270290729308 0.16594516594516598 0.4920398363021314 0.16594516594516598 0.4920398363021314 0.451659451659452 0.1438270290729308 0.451659451659452
