2 0.20670995670995654 0.6103896103896103 0.45238095238095194 0.6103896103896103 0.45238095238095194 0.7171717171717175 0.20670995670995654 0.7171717171717175
2 0.29545454545454536 0.8181818181818179 0.4134199134199132 0.8181818181818179 0.4134199134199132 0.9408369408369407 0.29545454545454536 0.9408369408369407
2 0.3409090909090908 0.43578643578643583 0.42748917748917736 0.43578643578643583 0.42748917748917736 0.5194805194805194 0.3409090909090908 0.5194805194805194
3 0.5270562770562772 0.8051948051948052 0.7186147186147186 0.8051948051948052 0.7186147186147186 0.9466089466089466 0.5270562770562772 0.9466089466089466
2 0.7456709956709954 0.8398268398268397 0.9004329004328999 0.8398268398268397 0.9004329004328999 0.9999999999999996 0.7456709956709954 0.9999999999999996
2 0.8820346320346312 0.7849927849927845 0.999999999999999 0.7849927849927845 0.999999999999999 0.8860028860028856 0.8820346320346312 0.8860028860028856
2 0.8798701298701304 0.8528138528138536 0.9945887445887445 0.8528138528138536 0.9945887445887445 0.9480519480519481 0.8798701298701304 0.9480519480519481
2 0.9372294372294373 0.903318903318903 0.9967532467532474 0.903318903318903 0.9967532467532474 0.9999999999999994 0.9372294372294373 0.9999999999999994
2 0.26406926406926406 0.5743145743145743 0.33333333333333326 0.5743145743145743 0.33333333333333326 0.6262626262626263 0.26406926406926406 0.6262626262626263
2 0.6634199134199134 0.4343434343434346 0.6948051948051946 0.4343434343434346 0.6948051948051946 0.4617604617604619 0.6634199134199134 0.4617604617604619
