3 0.11159211159211159 0.6623376623376623 0.24627224627224625 0.6623376623376623 0.24627224627224625 0.9235209235209236 0.11159211159211159 0.9235209235209236
3 0.0 0.5108225108225107 0.09042809042809048 0.5108225108225107 0.09042809042809048 0.6955266955266954 0.0 0.6955266955266954
3 0.27609427609427617 0.3145743145743149 0.39634439634439633 0.3145743145743149 0.39634439634439633 0.5064935064935068 0.27609427609427617 0.5064935064935068
3 0.2943722943722944 0.5151515151515146 0.40019240019240065 0.5151515151515146 0.40019240019240065 0.7113997113997106 0.2943722943722944 0.7113997113997106
3 0.3694083694083694 0.7128427128427128 0.46753246753246713 0.7128427128427128 0.46753246753246713 0.8643578643578644 0.3694083694083694 0.8643578643578644
3 0.4665704665704668 0.8340548340548345 0.6455026455026456 0.8340548340548345 0.6455026455026456 0.9841269841269841 0.4665704665704668 0.9841269841269841
3 0.626262626262626 0.7950937950937944 0.8581048581048578 0.7950937950937944 0.8581048581048578 0.999999999999999 0.626262626262626 0.999999999999999
3 0.7118807118807117 0.6349206349206344 0.8023088023088016 0.6349206349206344 0.8023088023088016 0.8037518037518034 0.7118807118807117 0.8037518037518034
3 0.791726791726791 0.5151515151515154 0.9100529100529086 0.5151515151515154 0.9100529100529086 0.6940836940836935 0.791726791726791 0.6940836940836935
3 0.8956228956228959 0.4545454545454541 0.9999999999999989 0.4545454545454541 0.9999999999999989 0.6219336219336214 0.8956228956228959 0.6219336219336214
3 0.9264069264069261 0.7532467532467525 0.9802789802789803 0.7532467532467525 0.9802789802789803 0.8831168831168825 0.9264069264069261 0.8831168831168825
3 0.0 0.040524283184805644 0.16642616642616642 0.040524283184805644 0.16642616642616642 0.19913419913419916 0.0 0.19913419913419916
3 0.07984607984607982 0.02597402597402598 0.2087542087542087 0.02597402597402598 0.2087542087542087 0.14862914862914867 0.07984607984607982 0.14862914862914867
3 0.25974025974025944 0.18326118326118335 0.37806637806637755 0.18326118326118335 0.37806637806637755 0.3001443001443 0.25974025974025944 0.3001443001443
3 0.3684463684463681 0.18037518037518038 0.47522847522847483 0.18037518037518038 0.47522847522847483 0.31457431457431456 0.3684463684463681 0.31457431457431456
3 0.5088985088985086 0.1630591630591627 0.6945646945646937 0.1630591630591627 0.6945646945646937 0.3506493506493498 0.5088985088985086 0.3506493506493498
3 0.43963443963443966 0.0 0.6955266955266957 0.0 0.6955266955266957 0.2698412698412693 0.43963443963443966 0.2698412698412693
3 0.72919672919673 0.075036075036075 0.8975468975468983 0.075036075036075 0.8975468975468983 0.28427128427128423 0.72919672919673 0.28427128427128423
3 0.8773448773448773 0.001443001443001443 0.9927849927849923 0.001443001443001443 0.9927849927849923 0.1428571428571427 0.8773448773448773 0.1428571428571427
