1 0.005676442762535486 0.48046289059822006 0.11542100283822136 0.48046289059822006 0.11542100283822136 0.6954766703686942 0.005676442762535486 0.6954766703686942
1 0.11352885525070956 0.5600976238465437 0.21286660359508036 0.5600976238465437 0.21286660359508036 0.7591844569673531 0.11352885525070956 0.7591844569673531
1 0.2677388836329235 0.5415161860886019 0.3150425733207191 0.5415161860886019 0.3150425733207191 0.7990018235915155 0.2677388836329235 0.7990018235915155
1 0.3330179754020816 0.7644934391839068 0.4578997161778617 0.7644934391839068 0.4578997161778617 0.9715437456295481 0.3330179754020816 0.9715437456295481
1 0.3434247871333958 0.4990443283561623 0.4247871333964042 0.4990443283561623 0.4247871333964042 0.6848587059355845 0.3434247871333958 0.6848587059355845
1 0.4276253547776722 0.4778083994899426 0.5042573320719014 0.4778083994899426 0.5042573320719014 0.8733275746232841 0.4276253547776722 0.8733275746232841
1 0.37559129612109726 0.6530048126362545 0.45884578997161785 0.6530048126362545 0.45884578997161785 0.844128172432231 0.37559129612109726 0.844128172432231
1 0.49101229895931797 0.6317688837700352 0.5752128666035943 0.6317688837700352 0.5752128666035943 0.8228922435660123 0.49101229895931797 0.8228922435660123
1 0.4437086092715228 0.3291568974264051 0.538315988647114 0.3291568974264051 0.538315988647114 0.4910808550313303 0.4437086092715228 0.4910808550313303
1 0.6300851466414372 0.3875557018085089 0.785241248817407 0.3875557018085089 0.785241248817407 0.6105329549038151 0.6300851466414372 0.6105329549038151
1 0.5402081362346249 0.34242935296779187 0.6745506149479648 0.34242935296779187 0.6745506149479648 0.5388616949803235 0.5402081362346249 0.5388616949803235
1 0.5799432355723738 0.4804628905982198 0.7199621570482495 0.4804628905982198 0.7199621570482495 0.6901676881521387 0.5799432355723738 0.6901676881521387
1 0.4692526017029321 0.6715862503941966 0.6149479659413424 0.6715862503941966 0.6149479659413424 0.8149287702411797 0.4692526017029321 0.8149287702411797
1 0.47114474929044436 0.46453594394855535 0.6158940397350994 0.46453594394855535 0.6158940397350994 0.6689317592859201 0.47114474929044436 0.6689317592859201
2 0.07284768211920531 0.2999574952353528 0.1381267738883633 0.2999574952353528 0.1381267738883633 0.5016988194644398 0.07284768211920531 0.5016988194644398
3 0.8836329233680229 0.6025694815789834 0.9754020813623465 0.6025694815789834 0.9754020813623465 0.7830748769418507 0.8836329233680229 0.7830748769418507
3 0.8694418164616845 0.4220640862161158 0.9318826868495749 0.4220640862161158 0.9318826868495749 0.5255892394389369 0.8694418164616845 0.5255892394389369
3 0.5771050141911069 0.6954766703686944 0.6395458845789972 0.6954766703686944 0.6395458845789972 0.8202377524577351 0.5771050141911069 0.8202377524577351
