2 0.3134818728039069 0.4287670897840379 0.6559542152762495 0.4287670897840379 0.6559542152762495 0.827573556387115 0.3134818728039069 0.827573556387115
1 0.5978428351309703 0.7935285053929125 0.7478171545968155 0.7935285053929125 0.7478171545968155 0.8536209553158706 0.5978428351309703 0.8536209553158706
1 0.20749871597329228 0.7380585516178738 0.3574730354391372 0.7380585516178738 0.3574730354391372 0.7796610169491528 0.20749871597329228 0.7796610169491528
1 0.20955315870570104 0.5469953775038521 0.33281972265023096 0.5469953775038521 0.33281972265023096 0.5793528505392911 0.20955315870570104 0.5793528505392911
1 0.20749871597329222 0.571648690292758 0.2958397534668721 0.571648690292758 0.2958397534668721 0.608628659476117 0.20749871597329222 0.608628659476117
1 0.6841294298921419 0.5624036979969189 0.7868515665125839 0.5624036979969189 0.7868515665125839 0.6070878274268111 0.6841294298921419 0.6070878274268111
1 0.6204417051874676 0.5346687211093989 0.7128916281458653 0.5346687211093989 0.7128916281458653 0.5747303543913711 0.6204417051874676 0.5747303543913711
1 0.5341551104262954 0.41294298921417555 0.6676938880328693 0.41294298921417555 0.6676938880328693 0.4807395993836673 0.5341551104262954 0.4807395993836673
1 0.7745249101181301 0.39291217257318967 0.8361581920903954 0.39291217257318967 0.8361581920903954 0.46687211093990755 0.7745249101181301 0.46687211093990755
1 0.7642526964560866 0.3605546995377507 0.8525937339496663 0.3605546995377507 0.8525937339496663 0.40523882896764285 0.7642526964560866 0.40523882896764285
1 0.11299435028248593 0.2619414483821264 0.2506420133538778 0.2619414483821264 0.2506420133538778 0.30200308166409867 0.11299435028248593 0.30200308166409867
1 0.10272213662044169 0.1510015408320493 0.21777092963533642 0.1510015408320493 0.21777092963533642 0.1864406779661017 0.10272213662044169 0.1864406779661017
1 0.2342064714946071 0.135593220338983 0.310220852593734 0.135593220338983 0.310220852593734 0.16640986132511562 0.2342064714946071 0.16640986132511562
1 0.4930662557781202 0.11389317681499181 0.6081150487930149 0.11389317681499181 0.6081150487930149 0.16949152542372883 0.4930662557781202 0.16949152542372883
