3 0.612987012987013 0.7171717171717171 0.8867482032530574 0.7171717171717171 0.8867482032530574 0.808080808080808 0.612987012987013 0.808080808080808
3 0.3451771529441428 0.7200577200577208 0.6040600176522498 0.7200577200577208 0.6040600176522498 0.871572871572872 0.3451771529441428 0.871572871572872
3 0.7870634220148774 0.834054834054834 0.9923843147144109 0.834054834054834 0.9923843147144109 0.9206349206349205 0.7870634220148774 0.9206349206349205
3 0.7766485941243211 0.7821067821067814 0.9596519984869485 0.7821067821067814 0.9596519984869485 0.8542568542568542 0.7766485941243211 0.8542568542568542
3 0.5147900643046271 0.7936507936507929 0.7751607615685283 0.7936507936507929 0.7751607615685283 0.8946608946608938 0.5147900643046271 0.8946608946608938
3 0.1071239440171479 0.8600288600288599 0.2752490228218384 0.8600288600288599 0.2752490228218384 0.9985569985569983 0.1071239440171479 0.9985569985569983
3 0.24400453915017015 0.8470418470418474 0.32434749716303113 0.8470418470418474 0.32434749716303113 0.9350649350649359 0.24400453915017015 0.9350649350649359
3 0.35707981339049266 0.8297258297258295 0.5698398688689948 0.8297258297258295 0.5698398688689948 0.9639249639249636 0.35707981339049266 0.9639249639249636
3 0.29905434371453793 0.8903318903318901 0.5653763712016141 0.8903318903318901 0.5653763712016141 0.962481962481962 0.29905434371453793 0.962481962481962
3 0.8986508636994058 0.9105339105339109 0.9998234774933789 0.9105339105339109 0.9998234774933789 0.9769119769119775 0.8986508636994058 0.9769119769119775
2 0.47908208296557786 0.5569985569985569 0.5966208548732819 0.5569985569985569 0.5966208548732819 0.6334776334776336 0.47908208296557786 0.6334776334776336
