3 0.09115668211778058 0.6140350877192984 0.21948405014766573 0.6140350877192984 0.21948405014766573 0.7543859649122806 0.09115668211778058 0.7543859649122806
3 0.07522638815544995 0.064327485380117 0.18585342956052334 0.064327485380117 0.18585342956052334 0.22807017543859662 0.07522638815544995 0.22807017543859662
3 0.12921238436112578 0.3099415204678363 0.2708149973596197 0.3099415204678363 0.2708149973596197 0.4678362573099419 0.12921238436112578 0.4678362573099419
3 0.2327592951162744 0.41520467836257274 0.334536173208942 0.41520467836257274 0.334536173208942 0.5292397660818711 0.2327592951162744 0.5292397660818711
3 0.30621565060924316 0.10818713450292398 0.48410393318860134 0.10818713450292398 0.48410393318860134 0.3859649122807015 0.30621565060924316 0.3859649122807015
3 0.0 0.04995125218441613 0.044250816562029366 0.04995125218441613 0.044250816562029366 0.19883040935672522 0.0 0.19883040935672522
3 0.22656418079759025 0.7543859649122808 0.3265710262277767 0.7543859649122808 0.3265710262277767 0.8771929824561403 0.22656418079759025 0.8771929824561403
3 0.41330262668935414 0.6432748538011696 0.5203896027694651 0.6432748538011696 0.5203896027694651 0.8099415204678366 0.41330262668935414 0.8099415204678366
3 0.4566684269201429 0.5584795321637427 0.5398599620567581 0.5584795321637427 0.5398599620567581 0.6695906432748538 0.4566684269201429 0.6695906432748538
3 0.6106612685560051 0.6169590643274858 0.7575739795419416 0.6169590643274858 0.7575739795419416 0.8040935672514627 0.6106612685560051 0.8040935672514627
3 0.4743687535449548 0.2719298245614035 0.6230514971933736 0.2719298245614035 0.6230514971933736 0.4941520467836254 0.4743687535449548 0.4941520467836254
3 0.6248215298558547 0.3216374269005849 0.6982778853488236 0.3216374269005849 0.6982778853488236 0.4444444444444444 0.6248215298558547 0.4444444444444444
3 0.7522638815544994 0.2573099415204678 0.8230651880537463 0.2573099415204678 0.8230651880537463 0.4210526315789472 0.7522638815544994 0.4210526315789472
3 0.8637759392908139 0.43274853801169594 0.927497115140136 0.43274853801169594 0.927497115140136 0.5526315789473687 0.8637759392908139 0.5526315789473687
3 0.7655391265231082 0.7573099415204667 0.8885563965655503 0.7573099415204667 0.8885563965655503 0.9853801169590626 0.7655391265231082 0.9853801169590626
3 0.6557971014492758 0.5584795321637416 0.7858945021416422 0.5584795321637416 0.7858945021416422 0.6695906432748526 0.6557971014492758 0.6695906432748526
3 0.9053717068591213 0.8362573099415205 0.9965283889769019 0.8362573099415205 0.9965283889769019 0.9883040935672515 0.9053717068591213 0.9883040935672515
