1 0.0 0.5239073544158275 0.3629393205664392 0.5239073544158275 0.3629393205664392 0.6908552840756218 0.0 0.6908552840756218
1 -4.440892098500626e-18 0.71081532750976 0.28374422955794204 0.704010522301059 0.28672583292750053 0.9250341404965577 0.0029816033695585025 0.9318389457052587
1 0.29890307432680274 0.682539682539682 0.5649350649350644 0.682539682539682 0.5649350649350644 0.7821067821067824 0.29890307432680274 0.7821067821067824
1 0.29331102700974293 0.5680391476375879 0.5618769201284792 0.5631555975839564 0.5631702484612683 0.689600544841755 0.29460435534253204 0.6944840948953865
1 0.7014867785636697 0.61871621425654 0.9318903941049093 0.6089723984860218 0.9355588128001714 0.7631838401021235 0.7051551972589318 0.7729276558726417
1 0.5932203389830497 0.2926113434588014 0.8691943649570755 0.2926113434588014 0.8691943649570755 0.46975811382591054 0.5932203389830497 0.46975811382591054
1 0.3922701592193116 0.359307359307359 0.5930735930735925 0.359307359307359 0.5930735930735925 0.5070071171766084 0.3922701592193116 0.5070071171766084
1 0.0010822510822510823 0.3044733044733043 0.21645021645021648 0.3044733044733043 0.21645021645021648 0.4531024531024529 0.0010822510822510823 0.4531024531024529
1 0.24790887079022667 0.15197984689510105 0.4567833296646855 0.15197984689510105 0.4567833296646855 0.28476043730281014 0.24790887079022667 0.28476043730281014
1 0.7931432973805844 0.12554112554112531 0.9933047178809882 0.12554112554112531 0.9933047178809882 0.24330471788098912 0.7931432973805844 0.24330471788098912
1 0.5427489177489182 0.4896584896584898 0.7620851370851374 0.4896584896584898 0.7620851370851374 0.6036556036556042 0.5427489177489182 0.6036556036556042
1 0.43073593073593086 0.20490620490620462 0.6677489177489183 0.20490620490620462 0.6677489177489183 0.28571428571428553 0.43073593073593086 0.28571428571428553
1 0.35121799104849943 0.2828282828282831 0.6082251082251082 0.2828282828282831 0.6082251082251082 0.4036735392667597 0.35121799104849943 0.4036735392667597
1 0.49675324675324556 0.07022607022607022 0.6753246753246738 0.07022607022607022 0.6753246753246738 0.20057720057720058 0.49675324675324556 0.20057720057720058
1 0.6209553158705693 0.24829407880255303 0.8718174480886343 0.24829407880255303 0.8718174480886343 0.33189033189033146 0.6209553158705693 0.33189033189033146
1 0.819281863895275 0.5090999673459343 0.9959104630377086 0.5117627856806609 0.994570360045836 0.6697911831031507 0.8179417609034024 0.667128364768424
1 0.8602092352092358 0.39001394086139823 1.0 0.39001394086139823 1.0 0.5493718459820156 0.8602092352092358 0.5493718459820156
1 0.2683799251595859 0.5101376965783745 0.45599457040135005 0.5101376965783745 0.45599457040135005 0.6251375742901165 0.2683799251595859 0.6251375742901165
