3 0.6818543291489185 0.9177489177489176 0.9246198023753135 0.9177489177489176 0.9246198023753135 0.9999999999999999 0.6818543291489185 0.9999999999999999
3 5.273559366969494e-18 0.8757816331211099 0.0949951851755459 0.8757816331211099 0.0949951851755459 0.9336219336219329 5.273559366969494e-18 0.9336219336219329
3 0.008444016460048522 0.09668109668109666 0.2089894073862008 0.09668109668109666 0.2089894073862008 0.18614718614718628 0.008444016460048522 0.18614718614718628
3 0.23221045265133436 0.25396825396825407 0.5214180164079963 0.25396825396825407 0.5214180164079963 0.3751803751803752 0.23221045265133436 0.3751803751803752
3 0.33353865017191614 0.3520923520923518 0.49819697114286304 0.3520923520923518 0.49819697114286304 0.43434343434343436 0.33353865017191614 0.43434343434343436
3 0.6037471768934695 0.06060606060606061 0.6860763373789427 0.06060606060606061 0.6860763373789427 0.1414141414141414 0.6037471768934695 0.1414141414141414
3 0.8845107241900824 0.021645021645021648 0.9858389217106645 0.021645021645021648 0.9858389217106645 0.1082251082251082 0.8845107241900824 0.1082251082251082
3 0.9267308064903255 0.4588744588744588 0.9957779917699758 0.4588744588744588 0.9957779917699758 0.505050505050505 0.9267308064903255 0.505050505050505
3 0.29131856787167404 0.8556998556998552 0.35464869132203797 0.8556998556998552 0.35464869132203797 0.9999999999999996 0.29131856787167404 0.9999999999999996
3 0.6902983456089667 0.695526695526696 0.8232916048547313 0.695526695526696 0.8232916048547313 0.7503607503607508 0.6902983456089667 0.7503607503607508
