0 0.3875255623721882 0.6714804347326576 0.5899795501022493 0.6714804347326576 0.5899795501022493 0.8920750901863466 0.3875255623721882 0.8920750901863466
0 0.33640081799591015 0.5114887066014102 0.5838445807770962 0.5114887066014102 0.5838445807770962 0.7999586406562346 0.33640081799591015 0.7999586406562346
0 0.2965235173824129 0.19635348452471196 0.5184049079754595 0.19635348452471196 0.5184049079754595 0.4460375450931728 0.2965235173824129 0.4460375450931728
0 0.2678936605316971 0.004848234185795363 0.4355828220858893 0.004848234185795363 0.4355828220858893 0.1478711426667585 0.2678936605316971 0.1478711426667585
0 0.504089979550102 0.2448358263826659 0.6104294478527604 0.2448358263826659 0.6104294478527604 0.42906872544288976 0.504089979550102 0.42906872544288976
0 0.3619631901840489 0.08969233243721414 0.589979550102249 0.08969233243721414 0.589979550102249 0.3369522759127777 0.3619631901840489 0.3369522759127777
0 0.48670756646216723 0.07757174697272584 0.7576687116564409 0.07757174697272584 0.7576687116564409 0.25938052894005187 0.48670756646216723 0.25938052894005187
0 0.6053169734151331 0.24968406056846118 0.7678936605316972 0.24968406056846118 0.7678936605316972 0.3708899152133452 0.6053169734151331 0.3708899152133452
0 0.7259713701431487 0.113933503366191 0.9151329243353774 0.113933503366191 0.9151329243353774 0.32483169044828936 0.7259713701431487 0.32483169044828936
0 0.6993865030674846 0.03878587348636291 0.8987730061349696 0.03878587348636291 0.8987730061349696 0.25210817766135885 0.6993865030674846 0.25210817766135885
