4 0.8194690265486726 0.4553968633614651 0.9672566371681416 0.4553968633614651 0.9672566371681416 0.5866129087368025 0.8194690265486726 0.5866129087368025
4 0.7353982300884954 0.5969043632760449 0.9079646017699111 0.5969043632760449 0.9079646017699111 0.7204018177469508 0.7353982300884954 0.7204018177469508
4 0.44247787610619455 0.6354973177982027 0.6469026548672564 0.6354973177982027 0.6469026548672564 0.8233163631393718 0.44247787610619455 0.8233163631393718
1 0.34513274336283184 0.15951754535825333 0.4654867256637167 0.15951754535825333 0.4654867256637167 0.36791949977790667 0.34513274336283184 0.36791949977790667
1 0.5469026548672564 0.21869340895889577 0.6221238938053093 0.21869340895889577 0.6221238938053093 0.43481395428298075 0.5469026548672564 0.43481395428298075
1 0.04867256637168139 0.09005022721836879 0.14955752212389373 0.09005022721836879 0.14955752212389373 0.24699490894181153 0.04867256637168139 0.24699490894181153
1 0.07168141592920349 0.0205829090784843 0.1761061946902654 0.0205829090784843 0.1761061946902654 0.13378890901014795 0.07168141592920349 0.13378890901014795
1 0.6168401135288549 0.06051219485467357 0.6887417218543043 0.06051219485467357 0.6887417218543043 0.19528935612190104 0.6168401135288549 0.19528935612190104
2 0.6130558183538316 0.016503325869456426 0.6613055818353831 0.016503325869456426 0.6613055818353831 0.13477716126722747 0.6130558183538316 0.13477716126722747
1 0.9063386944181646 0.05501108623152142 0.9385052034058657 0.05501108623152142 0.9385052034058657 0.12927605264407535 0.9063386944181646 0.12927605264407535
