4 0.058656575212866637 0.15345011749626145 1.0000000000000002 0.15345011749626145 1.0000000000000002 0.7953166702637926 0.058656575212866637 0.7953166702637926
1 0.5241248817407758 0.8609149449140903 0.5742667928098393 0.8609149449140903 0.5742667928098393 0.9645435956907864 0.5241248817407758 0.9645435956907864
1 0.5799432355723746 0.8908078249458298 0.6281929990539263 0.8908078249458298 0.6281929990539263 0.9964293343913084 0.5799432355723746 0.9964293343913084
1 0.850520340586565 0.9187078463087858 0.9309366130558185 0.9187078463087858 0.9309366130558185 0.9924436170537424 0.850520340586565 0.9924436170537424
1 0.9233680227057708 0.9346507156590476 0.9829706717123936 0.9346507156590476 0.9829706717123936 0.9964293343913087 0.9233680227057708 0.9964293343913087
1 0.8864711447492907 0.7652577288125244 0.9668874172185433 0.7652577288125244 0.9668874172185433 0.8270363475447856 0.8864711447492907 0.8270363475447856
1 0.914853358561968 0.8250434888760035 0.9971617786187323 0.8250434888760035 0.9971617786187323 0.9246864223151336 0.914853358561968 0.9246864223151336
1 0.9072847682119209 0.8389934995574815 0.9763481551561026 0.8389934995574815 0.9763481551561026 0.8987792596209602 0.9072847682119209 0.8987792596209602
1 0.0 0.7612720114749584 0.10312204351939452 0.7612720114749584 0.10312204351939452 0.8808435316019154 0.0 0.8808435316019154
1 0.0 0.2452876776797904 0.04162724692526018 0.2452876776797904 0.04162724692526018 0.33280739768669704 0.0 0.33280739768669704
