4 0.20830327080327085 0.10822510822510838 0.8332130832130829 0.10822510822510838 0.8332130832130829 0.9985569985569988 0.20830327080327085 0.9985569985569988
1 0.5978134519801186 0.3001443001443001 0.6452320827320827 0.3001443001443001 0.6452320827320827 0.38672438672438686 0.5978134519801186 0.38672438672438686
1 0.6249098124098119 0.29292929292929254 0.67063492063492 0.29292929292929254 0.67063492063492 0.3650793650793649 0.6249098124098119 0.3650793650793649
1 0.37088143338143376 0.4574314574314574 0.4216871091871096 0.4574314574314574 0.4216871091871096 0.5425685425685433 0.37088143338143376 0.5425685425685433
1 0.443702902036235 0.4502164502164501 0.4775733525733521 0.4502164502164501 0.4775733525733521 0.49639249639249666 0.443702902036235 0.49639249639249666
1 0.42846119929453264 0.4891774891774887 0.4572510822510822 0.4891774891774887 0.4572510822510822 0.561327561327561 0.42846119929453264 0.561327561327561
1 0.360720298220298 0.5642135642135643 0.3945907487574152 0.5642135642135643 0.3945907487574152 0.6421356421356423 0.360720298220298 0.6421356421356423
1 0.5063632355299023 0.4935064935064934 0.5605559563892899 0.4935064935064934 0.5605559563892899 0.603174603174603 0.5063632355299023 0.603174603174603
1 0.5910393618726951 0.45743145743145724 0.6299903799903799 0.45743145743145724 0.6299903799903799 0.5108225108225106 0.5910393618726951 0.5108225108225106
1 0.48096039762706433 0.7965367965367967 0.5385401635401635 0.7965367965367967 0.5385401635401635 0.8946608946608948 0.48096039762706433 0.8946608946608948
1 0.35055916305916285 0.6580086580086573 0.3861231361231358 0.6580086580086573 0.3861231361231358 0.7301587301587295 0.35055916305916285 0.7301587301587295
1 0.3268498476831811 0.8455988455988455 0.3708814333814334 0.8455988455988455 0.3708814333814334 0.9191919191919191 0.3268498476831811 0.9191919191919191
1 0.389510181176848 0.8629148629148624 0.43015472182138853 0.8629148629148624 0.43015472182138853 0.9509379509379505 0.389510181176848 0.9509379509379505
1 0.4504769921436582 0.9321789321789308 0.5029761904761902 0.9321789321789308 0.5029761904761902 0.999999999999999 0.4504769921436582 0.999999999999999
1 0.4233806317139654 0.9350649350649345 0.46233164983165015 0.9350649350649345 0.46233164983165015 0.999999999999999 0.4233806317139654 0.999999999999999
1 0.643538560205226 0.5122655122655126 0.6875701459034786 0.5122655122655126 0.6875701459034786 0.5656565656565659 0.643538560205226 0.5656565656565659
