1 0.304863431899262 0.831168831168831 0.9999999999999991 0.831168831168831 0.9999999999999991 0.9927849927849923 0.304863431899262 0.9927849927849923
1 0.691888639771376 0.6248196248196247 0.9967520716706387 0.6248196248196247 0.9967520716706387 0.8311688311688309 0.691888639771376 0.8311688311688309
1 0.283241911906407 0.4761904761904757 0.6421591437878076 0.4761904761904757 0.6421591437878076 0.911976911976911 0.283241911906407 0.911976911976911
1 0.23999887192069594 0.4704184704184704 0.4302682478578243 0.4704184704184704 0.4302682478578243 0.8917748917748918 0.23999887192069594 0.8917748917748918
1 0.0 0.5886243459638221 0.29405267190283485 0.5886243459638221 0.29405267190283485 0.8816738816738804 0.0 0.8816738816738804
1 0.0021621519992855495 0.3520923520923518 0.2789176079078356 0.3520923520923518 0.2789176079078356 0.8023088023088016 0.0021621519992855495 0.8023088023088016
1 0.6378348397892378 0.11255411255411277 0.8778337117099333 0.11255411255411277 0.8778337117099333 0.5310245310245314 0.6378348397892378 0.5310245310245314
1 0.4843220478399621 0.06914382648330392 0.7199966157620864 0.06914382648330392 0.7199966157620864 0.519480519480519 0.4843220478399621 0.519480519480519
1 0.18810722393784254 0.015873015873015855 0.5167543278292456 0.015873015873015855 0.5167543278292456 0.4848484848484838 0.18810722393784254 0.4848484848484838
1 0.0021621519992855495 0.7734487734487743 0.46270052784710825 0.7734487734487743 0.46270052784710825 0.9999999999999993 0.0021621519992855495 0.9999999999999993
1 0.006486455997856648 0.10810486544434278 0.18162076793998597 0.10810486544434278 0.18162076793998597 0.3751803751803746 0.006486455997856648 0.3751803751803746
1 0.2378367199214106 0.002886002886002886 0.7286452237592304 0.002886002886002886 0.7286452237592304 0.23520923520923517 0.2378367199214106 0.23520923520923517
1 0.2918905199035492 0.002886002886002886 0.4324303998571098 0.002886002886002886 0.4324303998571098 0.11399711399711394 0.2918905199035492 0.11399711399711394
1 0.7005372477685179 0.0952380952380951 0.9989142236699228 0.0952380952380951 0.9989142236699228 0.32323232323232276 0.7005372477685179 0.32323232323232276
1 0.2378367199214101 0.3679653679653681 0.6627042881114538 0.3679653679653681 0.6627042881114538 0.47330447330447334 0.2378367199214101 0.47330447330447334
