1 0.320346320346321 0.037037037037037084 0.9523809523809537 0.037037037037037084 0.9523809523809537 0.38383838383838387 0.320346320346321 0.38383838383838387
2 0.007215007215007218 0.5824915824915825 0.2741702741702742 0.5824915824915825 0.2741702741702742 0.8265993265993264 0.007215007215007218 0.8265993265993264
2 0.5497835497835498 0.47979797979798006 0.728715728715728 0.47979797979798006 0.728715728715728 0.7323232323232323 0.5497835497835498 0.7323232323232323
2 0.3347763347763347 0.6986531986531986 0.4444444444444444 0.6986531986531986 0.4444444444444444 0.8350168350168351 0.3347763347763347 0.8350168350168351
2 0.21500721500721498 0.8804713804713806 0.3535353535353536 0.8804713804713806 0.3535353535353536 0.9983164983164987 0.21500721500721498 0.9983164983164987
2 0.20346320346320332 0.15319865319865308 0.2987012987012986 0.15319865319865308 0.2987012987012986 0.33501683501683494 0.20346320346320332 0.33501683501683494
1 0.3593073593073594 0.2744107744107743 0.4242424242424242 0.2744107744107743 0.4242424242424242 0.4107744107744107 0.3593073593073594 0.4107744107744107
2 0.4304267161410014 0.38528138528138506 0.5034013605442174 0.38528138528138506 0.5034013605442174 0.44011544011544 0.4304267161410014 0.44011544011544
2 0.5763760049474338 0.4314574314574314 0.6345083487940633 0.4314574314574314 0.6345083487940633 0.4805194805194805 0.5763760049474338 0.4805194805194805
3 0.7037724180581324 0.3924963924963924 0.766852195423624 0.3924963924963924 0.766852195423624 0.4285714285714284 0.7037724180581324 0.4285714285714284
3 0.8460111317254173 0.4054834054834055 0.9152752009894864 0.4054834054834055 0.9152752009894864 0.44588744588744617 0.8460111317254173 0.44588744588744617
3 0.7482993197278912 0.41991341991342 0.8089053803339518 0.41991341991342 0.8089053803339518 0.45743145743145747 0.7482993197278912 0.45743145743145747
3 0.8484848484848484 0.43001443001443 0.9004329004329005 0.43001443001443 0.9004329004329005 0.4531024531024532 0.8484848484848484 0.4531024531024532
