3 0.022990617714948494 0.7688679245283019 0.08046716200231972 0.7688679245283019 0.08046716200231972 0.8317610062893082 0.022990617714948494 0.8317610062893082
3 0.3156788663167928 0.9685534591194969 0.35016479288921554 0.9685534591194969 0.35016479288921554 0.9984276729559748 0.3156788663167928 0.9984276729559748
3 0.26350784919440967 0.9323899371069182 0.2873827214368562 0.9323899371069182 0.2873827214368562 0.9842767295597484 0.26350784919440967 0.9842767295597484
3 0.20956832301703054 0.9622641509433962 0.22725341356699091 0.9622641509433962 0.22725341356699091 0.9748427672955975 0.20956832301703054 0.9748427672955975
3 0.16800836022462362 0.7704402515723271 0.1909989779395721 0.7704402515723271 0.1909989779395721 0.7908805031446541 0.16800836022462362 0.7908805031446541
3 0.14678625156467107 0.7861635220125788 0.16447134211463146 0.7861635220125788 0.16447134211463146 0.819182389937107 0.14678625156467107 0.819182389937107
3 0.12821690648721276 0.8553459119496856 0.15386028778465535 0.8553459119496856 0.15386028778465535 0.8962264150943395 0.12821690648721276 0.8962264150943395
3 0.6614223865685183 0.940251572327044 0.7118248946359055 0.940251572327044 0.7118248946359055 0.988993710691824 0.6614223865685183 0.988993710691824
3 0.8258937286831498 0.8270440251572327 0.8674536914755568 0.8270440251572327 0.8674536914755568 0.8663522012578617 0.8258937286831498 0.8663522012578617
3 0.8515371099805924 0.7720125786163523 0.8718749641130468 0.7720125786163523 0.8718749641130468 0.8128930817610064 0.8515371099805924 0.8128930817610064
3 0.8126299107706806 0.6713836477987415 0.8630324188380677 0.6713836477987415 0.8630324188380677 0.7185534591194968 0.8126299107706806 0.7185534591194968
2 0.8922128182455016 0.7185534591194966 0.9912493253252791 0.7185534591194966 0.9912493253252791 0.8270440251572324 0.8922128182455016 0.8270440251572324
2 0.013263817912470287 0.169811320754717 0.08046716200231974 0.169811320754717 0.08046716200231974 0.24371069182389937 0.013263817912470287 0.24371069182389937
2 0.004421272637490096 0.5487421383647799 0.04951825353988907 0.5487421383647799 0.04951825353988907 0.6289308176100629 0.004421272637490096 0.6289308176100629
2 0.11406883404724448 0.6147798742138365 0.19011472341207414 0.6147798742138365 0.19011472341207414 0.6808176100628931 0.11406883404724448 0.6808176100628931
2 0.16535559664212957 0.8081761006289309 0.22106363187450473 0.8081761006289309 0.22106363187450473 0.9276729559748427 0.16535559664212957 0.9276729559748427
2 0.5367424981912976 0.6682389937106918 0.6251679509410994 0.6682389937106918 0.6251679509410994 0.7751572327044025 0.5367424981912976 0.7751572327044025
5 0.2599708310844176 0.6823899371069185 0.5128676259488509 0.6823899371069185 0.5128676259488509 0.8836477987421385 0.2599708310844176 0.8836477987421385
3 0.8789490003330311 0.9528301886792453 0.916971945015446 0.9528301886792453 0.916971945015446 1.0 0.8789490003330311 1.0
1 0.2803086852168721 0.5518867924528302 0.3873034830441325 0.5518867924528302 0.3873034830441325 0.5974842767295597 0.2803086852168721 0.5974842767295597
1 0.4854557355964124 0.6132075471698113 0.55796460685125 0.6132075471698113 0.55796460685125 0.6603773584905661 0.4854557355964124 0.6603773584905661
1 0.1335224336522008 0.5487421383647799 0.1980730141595562 0.5487421383647799 0.1980730141595562 0.5911949685534584 0.1335224336522008 0.5911949685534584
2 0.5323212255538076 0.9135220125786163 0.6074828603911392 0.9135220125786163 0.6074828603911392 0.9827044025157231 0.5323212255538076 0.9827044025157231
2 0.9019396180479795 0.48742138364779874 0.9877123072152874 0.48742138364779874 0.9877123072152874 0.5566037735849056 0.9019396180479795 0.5566037735849056
4 0.04509698090239898 0.24371069182389896 0.3094890846243064 0.24371069182389896 0.3094890846243064 0.3883647798742138 0.04509698090239898 0.3883647798742138
1 0.00618978169248614 0.41666666666666674 0.059245053342367286 0.41666666666666674 0.059245053342367286 0.45754716981132065 0.00618978169248614 0.45754716981132065
2 0.2900354850193503 0.4371069182389937 0.3280584297017651 0.4371069182389937 0.3280584297017651 0.4748427672955975 0.2900354850193503 0.4748427672955975
2 0.07604588936482964 0.48427672955974843 0.10345777971726823 0.48427672955974843 0.10345777971726823 0.5220125786163522 0.07604588936482964 0.5220125786163522
2 0.7303942397133639 0.3883647798742139 0.833852019430632 0.3883647798742139 0.833852019430632 0.4764150943396227 0.7303942397133639 0.4764150943396227
2 0.975332743830315 0.6226415094339622 0.9999999999999999 0.6226415094339622 0.9999999999999999 0.693527245671494 0.975332743830315 0.693527245671494
2 0.4801502084314243 0.9339622641509435 0.5110991168938551 0.9339622641509435 0.5110991168938551 0.9921383647798743 0.4801502084314243 0.9921383647798743
3 0.4014515554841007 0.9025157232704403 0.417368136979065 0.9025157232704403 0.417368136979065 0.9371069182389935 0.4014515554841007 0.9371069182389935
3 0.38288221040664255 0.8946540880503144 0.40233581001159896 0.8946540880503144 0.40233581001159896 0.9182389937106924 0.38288221040664255 0.9182389937106924
