2 0.5862068965517239 0.5915155354167191 0.863837312113174 0.5915155354167191 0.863837312113174 0.9250492173806637 0.5862068965517239 0.9250492173806637
2 0.6843501326259945 0.3832873251298367 0.7984084880636605 0.3832873251298367 0.7984084880636605 0.5454473473001522 0.6843501326259945 0.5454473473001522
2 0.8395495910754122 0.2355283081882525 0.913817106328656 0.23687424534156745 0.9127561384825419 0.4911610300596504 0.8384886232292982 0.48981509290633546
2 0.4429708222811672 0.4662100637396572 0.5694076038903625 0.4662100637396572 0.5694076038903625 0.6394264510579488 0.4429708222811672 0.6394264510579488
2 0.3076923076923077 0.4551536985916811 0.41821396993810783 0.4551536985916811 0.41821396993810783 0.6394264510579487 0.3076923076923077 0.6394264510579487
2 0.1830238726790451 0.13083365425105004 0.3147656940760389 0.13083365425105004 0.3147656940760389 0.3206345892913057 0.1830238726790451 0.3206345892913057
1 0.14677276746242257 0.2874654938473772 0.2219274977895667 0.2874654938473772 0.2219274977895667 0.37775914255584864 0.14677276746242257 0.37775914255584864
1 0.3651635720601238 0.007370910098650705 0.5764809902740937 0.007370910098650705 0.5764809902740937 0.19717184513890637 0.3651635720601238 0.19717184513890637
2 0.8611847922192752 0.036854550493253445 0.9018567639257301 0.036854550493253445 0.9018567639257301 0.22849821305817178 0.8611847922192752 0.22849821305817178
2 0.2625994694960212 0.6136282657126713 0.32537577365163567 0.6136282657126713 0.32537577365163567 0.6983937318471545 0.2625994694960212 0.6983937318471545
2 0.27851458885941643 0.7039219144211424 0.34571175950486294 0.7039219144211424 0.34571175950486294 0.7960582906542761 0.27851458885941643 0.7960582906542761
2 0.9124668435013262 0.5620318950221164 0.9946949602122016 0.5620318950221164 0.9946949602122016 0.9416337651026276 0.9124668435013262 0.9416337651026276
2 0.8788682581786044 0.6191564482866597 0.919540229885059 0.6191564482866597 0.919540229885059 0.7868446530309621 0.8788682581786044 0.7868446530309621
